0.2808  3.419E-07
0.3711  3.459E-07
0.4882  3.488E-07
0.5767  3.406E-07
0.7319  3.369E-07
0.903   3.161E-07
1.158   2.956E-07
1.783   2.761E-07
2.211   2.683E-07
2.701   2.62E-07
3.351   2.616E-07
4.213   2.778E-07
5.893   2.86E-07
6.926   2.928E-07
7.978   2.941E-07
9.614   3.038E-07
10.92   3.191E-07
15.13   3.35E-07
17.26   3.506E-07
19.17   4.889E-07
20.97   5.518E-07
22.4    5.004E-07
23.09   4.833E-07
24.92   4.655E-07
27.     5.109E-07
29.97   6.3E-07
34.06   8.179E-07
41.95   1.278E-06
45.47   1.505E-06
47.91   1.644E-06
51.5    1.82E-06
54.82   1.927E-06
63.45   1.924E-06
69.45   1.782E-06
77.55   1.726E-06
