0.322   3.62E-07
0.3723  3.685E-07
0.4969  3.691E-07
0.572   3.706E-07
0.7267  3.624E-07
0.9233  3.491E-07
1.147  	3.399E-07
1.326  	3.325E-07
1.762  	3.161E-07
2.058  	3.122E-07
2.667  	3.022E-07
3.565  	2.87E-07
4.195  	2.884E-07
5.075  	2.854E-07
6.45   	2.846E-07
8.028  	2.994E-07
10.12  	2.868E-07
11.74  	2.83E-07
14.66  	2.789E-07
18.52  	3.343E-07
20.89  	4.654E-07
24.    	3.957E-07
26.36  	3.624E-07
29.93  	4.01E-07
34.37  	4.499E-07
41.92  	4.933E-07
45.47  	4.729E-07
48.17  	4.625E-07
51.66  	4.514E-07
55.45  	4.609E-07
63.35  	5.384E-07
76.6   	7.288E-07
77.47  	7.163E-07
84.65  	7.951E-07
92.98  	8.579E-07
