1.16   1.021E-07
1.214  1.032E-07
1.415  1.053E-07
1.801  1.045E-07
2.013  1.047E-07
2.545  1.051E-07
2.989  1.081E-07
3.468  1.221E-07
4.211  1.311E-07
5.068  1.351E-07
6.166  1.192E-07
7.539  1.02E-07
8.149  9.789E-08
9.781  9.551E-08
11.21  9.331E-08
12.13  9.545E-08
15.37  9.963E-08
16.39  1.03E-07
18.46  1.022E-07
19.6   1.058E-07
20.71  1.093E-07
23.07  1.143E-07
26.8   1.303E-07
29.92  1.114E-07
34.2   1.115E-07
41.91  1.172E-07
47.13  1.278E-07
54.02  1.419E-07
63.36  2.169E-07
77.47  2.282E-07
