11405 37.4
11395 57.1
11385 89
11375 92.5
11365 75.2
11355 60.6
11345 43.3
11335 37.7
11325 57.1
11315 71.8
11305 51.9
11295 42.3
11285 54.8
11275 65
11265 50.3
11255 38.1
11245 36.4
11235 28.4
11225 23.4
11215 25
11205 20.3
11195 14.5
11185 12.3
11175 7.2
11165 3.2
11155 6.5
11145 12.6
11135 15.8
11125 16.2
11115 16.1
11105 16.9
11095 16.6
11085 15.3
11075 12.4
11065 8.5
11055 7.9
11045 8.9
11035 14
11025 26.7
11015 32.5
11005 25.8
10995 21.9
10985 23.9
10975 31.8
10965 43.6
10955 57
10945 81.1
10935 105.8
10925 93.8
10915 77.6
10905 70.4
10895 67.2
10885 64
10875 57.1
10865 49.2
10855 44.5
10845 45.3
10835 58.7
10825 76.2
10815 73.1
10805 64.3
10795 59.5
10785 54.9
10775 53.3
10765 48.6
10755 40
10745 32.8
10735 30.7
10725 38.4
10715 49.3
10705 44.3
10695 29.7
10685 23.6
10675 24.4
10665 34.1
10655 43.9
10645 32.9
10635 23.9
10625 36.7
10615 57.6
10605 59
10595 45.2
10585 35.1
10575 30.6
10565 27.4
10555 24.2
10545 27.1
10535 34.9
10525 42.2
10515 41.4
10505 32
10495 25.4
10485 22.7
10475 22.8
10465 29.7
10455 44.8
10445 57.7
10435 48.5
10425 34.6
10415 32.8
10405 30.9
10395 28.8
10385 31.8
10375 33
10365 29.6
10355 35.3
10345 49.9
10335 52.7
10325 52.8
10315 59
10305 64.3
10295 61.9
10285 50.5
10275 47.2
10265 49.5
10255 42.6
10245 26.1
10235 15.6
10225 11.5
10215 8.7
10205 10.3
10195 10.4
10185 7.5
10175 8.9
10165 9
10155 4.8
10145 5.7
10135 13.7
10125 16
10115 8.7
10105 6.6
10095 17.4
10085 32
10075 36
10065 37.1
10055 44.4
10045 42.5
10035 33.2
10025 33.8
10015 37
10005 42.9
9995 61.3
9985 67.8
9975 53.7
9965 45.9
9955 46
9945 50.6
9935 51.3
9925 37
9915 23.6
9905 22.3
9895 23
9885 26.2
9875 28.8
9865 27
9855 36.8
9845 50.1
9835 46.3
9825 39.7
9815 47.4
9805 58.9
9795 53.9
9785 44.5
9775 42
9765 44.4
9755 47.3
9745 49
9735 50.9
9725 52.1
9715 48.2
9705 39.9
9695 34.4
9685 33.8
9675 35.9
9665 39.8
9655 48.7
9645 57.3
9635 51.7
9625 48.1
9615 51.9
9605 48.7
9595 48.9
9585 57.2
9575 61
9565 49.3
9555 27.8
9545 13.2
9535 5.5
9525 4.5
9515 12.8
9505 17.7
9495 12.8
9485 8.1
9475 3.1
9465 3.6
9455 16.3
9445 23.2
9435 13.3
9425 8.2
9415 10.5
9405 7.5
9395 7.4
9385 14.9
9375 18.3
9365 22
9355 32.3
9345 44.2
9335 44.2
9325 33.7
9315 31.6
9305 29.3
9295 25.2
9285 23.7
9275 20.2
9265 16.5
9255 14
9245 12
9235 14.9
9225 26.6
9215 36.7
9205 35
9195 30.8
9185 38
9175 63.5
9165 76.1
9155 56.4
9145 39
9135 25.1
9125 21.1
9115 31.7
9105 42.7
9095 37.9
9085 31.3
9075 33.5
9065 38.8
9055 50
9045 53.6
9035 34.6
9025 19.5
9015 12.6
9005 7.5
8995 5.4
8985 4.9
8975 7.6
8965 13.5
8955 17.6
8945 19.2
8935 20.3
8925 29
8915 39.9
8905 34.3
8895 31.6
8885 44.7
8875 47.5
8865 36
8855 30.9
8845 38
8835 63.2
8825 81.8
8815 66.3
8805 59.3
8795 58
8785 46.2
8775 37.2
8765 38.2
8755 42.5
8745 49.2
8735 55.5
8725 53.7
8715 50.3
8705 48.2
8695 47.2
8685 53.1
8675 65.4
8665 69.8
8655 57.4
8645 44
8635 40
8625 45.9
8615 48.2
8605 35.3
8595 22.4
8585 23.1
8575 34.3
8565 42
8555 38
8545 30.4
8535 30.6
8525 34.4
8515 35.7
8505 44.2
8495 53.7
8485 51.1
8475 49.3
8465 48.1
8455 41
8445 40.1
8435 41.5
8425 33.5
8415 23.9
8405 19.6
8395 17.3
8385 14.9
8375 14.6
8365 15.3
8355 15
8345 13
8335 10.8
8325 12.2
8315 18
8305 22.5
8295 21.9
8285 20.8
8275 27.7
8265 41.1
8255 46
8245 47.3
8235 54.3
8225 51.3
8215 40.9
8205 34.7
8195 28.6
8185 19.6
8175 12.2
8165 9.6
8155 11.8
8145 19.7
8135 28.5
8125 28.4
8115 18.2
8105 15.4
8095 34.9
8085 61.2
8075 61.7
8065 47.9
8055 39.3
8045 33.1
8035 25.8
8025 21.8
8015 20.1
8005 22.6
7995 31.7
7985 32.4
7975 22.2
7965 17.7
7955 17.2
7945 12.5
7935 6.1
7925 5.1
7915 11.3
7905 28.1
7895 48.4
7885 44.6
7875 26.5
7865 21
7855 22.9
7845 22.3
7835 20.5
7825 22
7815 28.2
7805 30.8
7795 21.2
7785 17.9
7775 27
7765 28.7
7755 21.7
7745 20.5
7735 22.7
7725 25.1
7715 28.8
7705 30.9
7695 26.4
7685 17.6
7675 9.7
7665 6.7
7655 9.5
7645 16.7
7635 23.5
7625 21.8
7615 15.7
7605 16.4
7595 17.1
7585 10.5
7575 2.7
7565 -2.3
7555 0.1
7545 12.6
7535 28.3
7525 29.9
7515 17.2
7505 11.6
7495 14.6
7485 15.7
7475 14.5
7465 14.9
7455 19.2
7445 19.6
7435 6.2
7425 -6.4
7415 -7.4
7405 0.7
7395 12.2
7385 16.3
7375 11.3
7365 11.2
7355 21.4
7345 26.1
7335 18.7
7325 11.8
7315 9.5
7305 12.2
7295 15.9
7285 16.7
7275 13
7265 7.4
7255 3
7245 1.5
7235 4.5
7225 8.5
7215 7.8
7205 7.1
7195 10.8
7185 13.4
7175 13.5
7165 8.2
7155 1
7145 2.9
7135 13.9
7125 28.3
7115 37.4
7105 30.5
7095 18.2
7085 18.1
7075 27.1
7065 34.2
7055 36.4
7045 34.6
7035 28.6
7025 21.8
7015 18.2
7005 16.1
6995 15.2
6985 16.7
6975 20.4
6965 24.3
6955 23.4
6945 20.7
6935 22.7
6925 26.9
6915 27.2
6905 23.6
6895 19.5
6885 18.9
6875 20.6
6865 18.5
6855 15.7
6845 20.6
6835 32.6
6825 45
6815 41.2
6805 23.6
6795 15.3
6785 19
6775 29.4
6765 30.8
6755 21.3
6745 17.9
6735 15.1
6725 9.4
6715 12.9
6705 28.1
6695 37.1
6685 29.1
6675 18.6
6665 13.6
6655 14.5
6645 14.6
6635 12.4
6625 13.5
6615 17.6
6605 22
6595 27.9
6585 33.6
6575 30.4
6565 24.9
6555 24.5
6545 25.2
6535 26.6
6525 30.9
6515 33.5
6505 27.3
6495 20.2
6485 20.2
6475 23.6
6465 26.6
6455 24.3
6445 19.6
6435 23.3
6425 29.1
6415 21
6405 9.6
6395 8.1
6385 14.7
6375 27.7
6365 35.4
6355 29
6345 26.5
6335 32.7
6325 32.6
6315 22.4
6305 13.5
6295 7.5
6285 2
6275 -0.5
6265 2.6
6255 10.7
6245 20.6
6235 29.5
6225 34
6215 27.7
6205 16.3
6195 12.5
6185 10.5
6175 2.1
6165 0.1
6155 13.6
6145 31.6
6135 39.7
6125 31.9
6115 19.8
6105 17.5
6095 20.4
6085 27
6075 38.7
6065 40.1
6055 36.9
6045 41.6
6035 43.1
6025 42.3
6015 43.1
6005 31.5
5995 14.6
5985 13.1
5975 26.9
5965 37.8
5955 32.1
5945 23.2
5935 17.3
5925 12.1
5915 7.9
5905 5.8
5895 4.9
5885 5.9
5875 9.4
5865 11.6
5855 12.1
5845 15
5835 23.8
5825 33.8
5815 38.3
5805 41.1
5795 44
5785 44.7
5775 41.1
5765 33.4
5755 23.9
5745 17.8
5735 17.1
5725 17.6
5715 18.1
5705 20.9
5695 25.9
5685 30.6
5675 31.6
5665 24.6
5655 16.7
5645 17.3
5635 23.8
5625 26.9
5615 21.4
5605 12
5595 2.3
5585 -4.4
5575 -4.7
5565 0.9
5555 9.1
5545 16.8
5535 23.6
5525 28
5515 33.4
5505 38.3
5495 31.1
5485 19.6
5475 12.9
5465 9
5455 5.5
5445 3.1
5435 6.5
5425 16.4
5415 26.8
5405 31.1
5395 33.1
5385 39.9
5375 47.1
5365 50.4
5355 53.2
5345 48.3
5335 30.1
5325 13.2
5315 5.6
5305 3.2
5295 2.3
5285 2.7
5275 4.8
5265 7.7
5255 10.5
5245 13.9
5235 17.1
5225 18.3
5215 17.3
5205 19.2
5195 28
5185 37.6
5175 44.5
5165 52.6
5155 53.4
5145 43.8
5135 35.4
5125 33.8
5115 44.8
5105 62.2
5095 61.8
5085 50.2
5075 43.5
5065 38.8
5055 30.1
5045 21
5035 19.3
5025 27.2
5015 40.4
5005 46.4
4995 42.2
4985 34.1
4975 26.1
4965 23.3
4955 26.6
4945 34.2
4935 43.1
4925 46.7
4915 46.2
4905 49.9
4895 53.4
4885 46.1
4875 31.4
4865 21.4
4855 18.2
4845 14
4835 6.4
4825 1.3
4815 0.5
4805 2.3
4795 4.4
4785 6.8
4775 16.6
4765 36.6
4755 51.8
4745 47.8
4735 39.2
4725 37.8
4715 36.2
4705 31
4695 30.5
4685 37.7
4675 51.4
4665 54.5
4655 41.6
4645 36.2
4635 38.4
4625 36.5
4615 33.4
4605 39.7
4595 48.3
4585 42.7
4575 32.5
4565 34.7
4555 42.1
4545 40.4
4535 31.6
4525 22.7
4515 19.4
4505 21.9
4495 29.4
4485 40.5
4475 53.9
4465 61.6
4455 48.4
4445 34.2
4435 31.2
4425 24.1
4415 14.1
4405 14
4395 20.3
4385 26
4375 31.7
4365 33.1
4355 27.5
4345 27.7
4335 38.8
4325 49.4
4315 49.5
4305 42.1
4295 35.9
4285 37.1
4275 42.5
4265 43.9
4255 38.9
4245 31.9
4235 27
4225 27
4215 35.2
4205 49.7
4195 55.1
4185 48.7
4175 49.7
4165 47.4
4155 31.9
4145 24.5
4135 31.4
4125 44.2
4115 54
4105 49.1
4095 32.5
4085 22.9
4075 23.2
4065 27.3
4055 35.1
4045 46.9
4035 59.4
4025 64.9
4015 60.4
4005 54.3
3995 43.7
3985 32.3
3975 28
3965 30.4
3955 41.8
3945 54.1
3935 47.9
3925 39.4
3915 40.6
3905 39.7
3895 36.4
3885 36.5
3875 36.9
3865 37.3
3855 40.4
3845 36.6
3835 24.1
3825 17.5
3815 19.4
3805 29.4
3795 48.2
3785 54.7
3775 43.4
3765 40.2
3755 49.1
3745 58.8
3735 51
3725 38.8
3715 38.1
3705 36.6
3695 26.3
3685 21.3
3675 29.5
3665 43.2
3655 45.1
3645 29.7
3635 18.4
3625 22.7
3615 31.7
3605 36.2
3595 37.2
3585 33.2
3575 28.5
3565 25.5
3555 23.8
3545 26.4
3535 32.7
3525 39.3
3515 46.1
3505 50.6
3495 48.4
3485 36.6
3475 21.4
3465 16.1
3455 18.1
3445 19.7
3435 26.1
3425 35.5
3415 36.1
3405 31.1
3395 26.6
3385 22.5
3375 20.5
3365 18.2
3355 15.2
3345 14.4
3335 13.2
3325 12.2
3315 15.9
3305 23.5
3295 34.3
3285 42.8
3275 34
3265 23
3255 22.6
3245 24.6
3235 29.9
3225 32.8
3215 22.9
3205 17.4
3195 26.9
3185 38.8
3175 35.1
3165 25.4
3155 25.4
3145 27.7
3135 31.9
3125 39.8
3115 38.3
3105 37.5
3095 44.6
3085 38.1
3075 26.4
3065 27.4
3055 34.3
3045 39.2
3035 40.5
3025 42.3
3015 44.8
3005 41
2995 36.8
2985 39.1
2975 40.7
2965 35.6
2955 29
2945 28.7
2935 30.9
2925 29.3
2915 35
2905 46.1
2895 44.5
2885 36.7
2875 32.1
2865 28.5
2855 23.7
2845 21.5
2835 28.5
2825 38.4
2815 41.9
2805 42.3
2795 36.6
2785 25.1
2775 19
2765 16.2
2755 8.3
2745 1.6
2735 2.3
2725 3.8
2715 -0.8
2705 -3.3
2695 1.5
2685 7.5
2675 12
2665 16.1
2655 20.8
2645 29.7
2635 40.8
2625 39.2
2615 28.8
2605 29.4
2595 38.2
2585 44.8
2575 47.8
2565 51.4
2555 49.7
2545 42.8
2535 44.8
2525 52.2
2515 51.2
2505 43.4
2495 35.6
2485 33.6
2475 33.7
2465 32.4
2455 35
2445 38.2
2435 38.7
2425 44.3
2415 53.3
2405 54.5
2395 55.7
2385 60.6
2375 56.2
2365 36.9
2355 16.1
2345 6.6
2335 6.1
2325 8.4
2315 7.8
2305 3.9
2295 4
2285 10.7
2275 20.9
2265 28.8
2255 33.5
2245 41
2235 50.8
2225 54.9
2215 47.4
2205 42.1
2195 42.9
2185 38.4
2175 38.6
2165 37.3
2155 25.7
2145 23.5
2135 26.9
2125 22.8
2115 19.6
2105 22.4
2095 28.4
2085 35.5
2075 36.8
2065 33.4
2055 31.9
2045 30.9
2035 34
2025 40.7
2015 39.8
2005 30.1
1995 23
1985 24.3
1975 30.2
1965 34.6
1955 32.6
1945 28.6
1935 26.8
1925 25.1
1915 29.2
1905 32.5
1895 28.3
1885 24
1875 19.8
1865 18.7
1855 26
1845 33.8
1835 29.5
1825 18.2
1815 14.4
1805 20
1795 26.9
1785 29
1775 29.5
1765 34.1
1755 39.7
1745 38.3
1735 33.5
1725 29.4
1715 23.5
1705 17.4
1695 12.6
1685 14.8
1675 25.9
1665 35.3
1655 42.7
1645 47.1
1635 37.7
1625 28.6
1615 25.4
1605 24.5
1595 28.5
1585 34.6
1575 34.4
1565 29.4
1555 27
1545 24.6
1535 18.9
1525 12.9
1515 11.5
1505 16.6
1495 21.7
1485 23.2
1475 26.4
1465 31.4
1455 34.4
1445 37.4
1435 39.5
1425 32.5
1415 21.4
1405 18.9
1395 21.5
1385 23.6
1375 27.5
1365 29.7
1355 25.5
1345 21.5
1335 22
1325 23.5
1315 21.1
1305 14.4
1295 8
1285 5.6
1275 5.6
1265 5.1
1255 7.4
1245 11.1
1235 10.4
1225 11
1215 18.7
1205 28.7
1195 29.2
1185 18.1
1175 8.9
