0.0024 0.0217497
0.0072 0.0203654
0.0072 0.0217497
0.0096 0.0203654
0.012 0.0217497
0.0336 0.023134
0.0408 0.0245183
0.048 0.0259025
0.0552 0.0272868
0.06 0.0286711
0.0648 0.0300554
0.0696 0.0314396
0.072 0.0328239
0.0768 0.0342082
0.0816 0.0355925
0.084 0.0369767
0.0864 0.038361
0.0888 0.0397453
0.0936 0.0411296
0.096 0.0425138
0.0984 0.0438981
0.1008 0.0452824
0.1032 0.0466667
0.1056 0.0480509
0.108 0.0494352
0.1104 0.0508195
0.1128 0.0522038
0.1152 0.053588
0.1176 0.0549723
0.12 0.0563566
0.1224 0.0577409
0.1224 0.0591251
0.1248 0.0605094
0.1272 0.0618937
0.1296 0.063278
0.132 0.0646622
0.1344 0.0660465
0.1344 0.0674308
0.1368 0.0688151
0.1392 0.0701993
0.1416 0.0715836
0.144 0.0729679
0.144 0.0743522
0.1464 0.0757364
0.1488 0.0771207
0.1488 0.078505
0.1512 0.0798893
0.1536 0.0812735
0.156 0.0826578
0.156 0.0840421
0.1584 0.0854264
0.1608 0.0868106
0.1608 0.0881949
0.1632 0.0895792
0.1656 0.0909635
0.1656 0.0923477
0.168 0.093732
0.1704 0.0951163
0.1704 0.0965006
0.1728 0.0978848
0.1752 0.0992691
0.1752 0.100653
0.1776 0.102038
0.18 0.103422
0.18 0.104806
0.1824 0.10619
0.1824 0.107575
0.1848 0.108959
0.1848 0.110343
0.1872 0.111728
0.1896 0.113112
0.1896 0.114496
0.192 0.11588
0.1944 0.117265
0.1944 0.118649
0.1968 0.120033
0.1992 0.121417
0.1992 0.122802
0.2016 0.124186
0.2016 0.12557
0.204 0.126955
0.2064 0.128339
0.2064 0.129723
0.2088 0.131107
0.2088 0.132492
0.2112 0.133876
0.2136 0.13526
0.2136 0.136645
0.216 0.138029
0.2184 0.139413
0.2184 0.140797
0.2208 0.142182
0.2232 0.143566
0.2232 0.14495
0.2256 0.146334
0.2256 0.147719
0.228 0.149103
0.228 0.150487
0.2304 0.151872
0.2304 0.153256
0.2328 0.15464
0.2352 0.156024
0.2352 0.157409
0.2376 0.158793
0.2376 0.160177
0.24 0.161561
0.24 0.162946
0.2424 0.16433
0.2424 0.165714
0.2448 0.167099
0.2448 0.168483
0.2472 0.169867
0.2472 0.171251
0.2496 0.172636
0.2496 0.17402
0.252 0.175404
0.2544 0.176788
0.2544 0.178173
0.2544 0.179557
0.2568 0.180941
0.2568 0.182326
0.2592 0.18371
0.2592 0.185094
0.2616 0.186478
0.2616 0.187863
0.264 0.189247
0.264 0.190631
0.2664 0.192016
0.2664 0.1934
0.2688 0.194784
0.2688 0.196168
0.2712 0.197553
0.2712 0.198937
0.2736 0.200321
0.2736 0.201705
0.276 0.20309
0.276 0.204474
0.2784 0.205858
0.2784 0.207243
0.2808 0.208627
0.2808 0.210011
0.2832 0.211395
0.2832 0.21278
0.2856 0.214164
0.2856 0.215548
0.288 0.216932
0.288 0.218317
0.2904 0.219701
0.2904 0.221085
0.2904 0.22247
0.2928 0.223854
0.2952 0.225238
0.2952 0.226622
0.2952 0.228007
0.2976 0.229391
0.3 0.230775
0.3 0.232159
0.3024 0.233544
0.3024 0.234928
0.3024 0.236312
0.3048 0.237697
0.3048 0.239081
0.3072 0.240465
0.3072 0.241849
0.3096 0.243234
0.3096 0.244618
0.312 0.246002
0.312 0.247386
0.312 0.248771
0.3144 0.250155
0.3144 0.251539
0.3168 0.252924
0.3168 0.254308
0.3192 0.255692
0.3192 0.257076
0.3216 0.258461
0.3216 0.259845
0.324 0.261229
0.324 0.262614
0.3264 0.263998
0.3264 0.265382
0.3288 0.266766
0.3288 0.268151
0.3288 0.269535
0.3312 0.270919
0.3336 0.272303
0.3336 0.273688
0.3336 0.275072
0.336 0.276456
0.336 0.277841
0.3384 0.279225
0.3384 0.280609
0.3384 0.281993
0.3408 0.283378
0.3408 0.284762
0.3432 0.286146
0.3432 0.28753
0.3432 0.288915
0.3456 0.290299
0.3456 0.291683
0.348 0.293068
0.348 0.294452
0.3504 0.295836
0.3504 0.29722
0.3504 0.298605
0.3528 0.299989
0.3528 0.301373
0.3552 0.302757
0.3552 0.304142
0.3576 0.305526
0.3576 0.30691
0.36 0.308295
0.36 0.309679
0.36 0.311063
0.3624 0.312447
0.3624 0.313832
0.3624 0.315216
0.3648 0.3166
0.3648 0.317984
0.3672 0.319369
0.3672 0.320753
0.3672 0.322137
0.3696 0.323522
0.3696 0.324906
0.372 0.32629
0.372 0.327674
0.3744 0.329059
0.3744 0.330443
0.3744 0.331827
0.3768 0.333212
0.3768 0.334596
0.3792 0.33598
0.3792 0.337364
0.3792 0.338749
0.3816 0.340133
0.3816 0.341517
0.384 0.342901
0.384 0.344286
0.384 0.34567
0.3864 0.347054
0.3864 0.348439
0.3888 0.349823
0.3888 0.351207
0.3888 0.352591
0.3912 0.353976
0.3912 0.35536
0.3936 0.356744
0.3936 0.358128
0.3936 0.359513
0.396 0.360897
0.396 0.362281
0.3984 0.363666
0.3984 0.36505
0.3984 0.366434
0.4008 0.367818
0.4008 0.369203
0.4032 0.370587
0.4032 0.371971
0.4032 0.373355
0.4056 0.37474
0.4056 0.376124
0.4056 0.377508
0.408 0.378893
0.408 0.380277
0.408 0.381661
0.4104 0.383045
0.4104 0.38443
0.4128 0.385814
0.4128 0.387198
0.4152 0.388583
0.4152 0.389967
0.4152 0.391351
0.4176 0.392735
0.4176 0.39412
0.4176 0.395504
0.42 0.396888
0.42 0.398272
0.42 0.399657
0.4224 0.401041
0.4224 0.402425
0.4248 0.40381
0.4248 0.405194
0.4248 0.406578
0.4272 0.407962
0.4272 0.409347
0.4296 0.410731
0.4296 0.412115
0.4296 0.413499
0.432 0.414884
0.432 0.416268
0.4344 0.417652
0.4344 0.419037
0.4344 0.420421
0.4368 0.421805
0.4368 0.423189
0.4368 0.424574
0.4392 0.425958
0.4392 0.427342
0.4416 0.428726
0.4416 0.430111
0.4416 0.431495
0.444 0.432879
0.444 0.434264
0.444 0.435648
0.4464 0.437032
0.4464 0.438416
0.4464 0.439801
0.4488 0.441185
0.4488 0.442569
0.4488 0.443953
0.4512 0.445338
0.4512 0.446722
0.4536 0.448106
0.4536 0.449491
0.4536 0.450875
0.456 0.452259
0.456 0.453643
0.456 0.455028
0.4584 0.456412
0.4584 0.457796
0.4608 0.459181
0.4608 0.460565
0.4608 0.461949
0.4608 0.463333
0.4632 0.464718
0.4632 0.466102
0.4632 0.467486
0.4656 0.46887
0.4656 0.470255
0.4656 0.471639
0.468 0.473023
0.468 0.474408
0.468 0.475792
0.4704 0.477176
0.4704 0.47856
0.4728 0.479945
0.4728 0.481329
0.4728 0.482713
0.4752 0.484097
0.4752 0.485482
0.4752 0.486866
0.4776 0.48825
0.4776 0.489635
0.4776 0.491019
0.48 0.492403
0.48 0.493787
0.48 0.495172
0.4824 0.496556
0.4824 0.49794
0.4824 0.499324
0.4848 0.500709
0.4848 0.502093
0.4872 0.503477
0.4872 0.504862
0.4872 0.506246
0.4896 0.50763
0.4896 0.509014
0.4896 0.510399
0.492 0.511783
0.492 0.513167
0.492 0.514551
0.4944 0.515936
0.4944 0.51732
0.4944 0.518704
0.4968 0.520089
0.4968 0.521473
0.4968 0.522857
0.4992 0.524241
0.4992 0.525626
0.4992 0.52701
0.5016 0.528394
0.5016 0.529779
0.5016 0.531163
0.504 0.532547
0.504 0.533931
0.504 0.535316
0.5064 0.5367
0.5064 0.538084
0.5088 0.539468
0.5088 0.540853
0.5088 0.542237
0.5112 0.543621
0.5112 0.545006
0.5112 0.54639
0.5136 0.547774
0.5136 0.549158
0.5136 0.550543
0.516 0.551927
0.516 0.553311
0.516 0.554695
0.5184 0.55608
0.5184 0.557464
0.5208 0.558848
0.5208 0.560233
0.5208 0.561617
0.5208 0.563001
0.5232 0.564385
0.5232 0.56577
0.5232 0.567154
0.5256 0.568538
0.5256 0.569922
0.5256 0.571307
0.528 0.572691
0.528 0.574075
0.5304 0.57546
0.5304 0.576844
0.5304 0.578228
0.5304 0.579612
0.5328 0.580997
0.5328 0.582381
0.5352 0.583765
0.5352 0.58515
0.5352 0.586534
0.5352 0.587918
0.5376 0.589302
0.5376 0.590687
0.5376 0.592071
0.54 0.593455
0.54 0.594839
0.54 0.596224
0.5424 0.597608
0.5424 0.598992
0.5424 0.600377
0.5448 0.601761
0.5448 0.603145
0.5472 0.604529
0.5472 0.605914
0.5472 0.607298
0.5472 0.608682
0.5496 0.610066
0.5496 0.611451
0.5496 0.612835
0.552 0.614219
0.552 0.615604
0.552 0.616988
0.5544 0.618372
0.5544 0.619756
0.5544 0.621141
0.5568 0.622525
0.5568 0.623909
0.5568 0.625293
0.5592 0.626678
0.5592 0.628062
0.5592 0.629446
0.5616 0.630831
0.5616 0.632215
0.5616 0.633599
0.564 0.634983
0.564 0.636368
0.564 0.637752
0.5664 0.639136
0.5664 0.64052
0.5664 0.641905
0.5688 0.643289
0.5688 0.644673
0.5688 0.646058
0.5688 0.647442
0.5712 0.648826
0.5712 0.65021
0.5736 0.651595
0.5736 0.652979
0.5736 0.654363
0.576 0.655748
0.576 0.657132
0.576 0.658516
0.576 0.6599
0.5784 0.661285
0.5784 0.662669
0.5784 0.664053
0.5808 0.665437
0.5808 0.666822
0.5808 0.668206
0.5832 0.66959
0.5832 0.670975
0.5832 0.672359
0.5856 0.673743
0.5856 0.675127
0.5856 0.676512
0.588 0.677896
0.588 0.67928
0.588 0.680664
0.5904 0.682049
0.5904 0.683433
0.5904 0.684817
0.5904 0.686202
0.5928 0.687586
0.5928 0.68897
0.5928 0.690354
0.5952 0.691739
0.5952 0.693123
0.5952 0.694507
0.5976 0.695891
0.5976 0.697276
0.5976 0.69866
0.5976 0.700044
0.6 0.701429
0.6 0.702813
0.6 0.704197
0.6024 0.705581
0.6024 0.706966
0.6024 0.70835
0.6048 0.709734
0.6048 0.711118
0.6048 0.712503
0.6072 0.713887
0.6072 0.715271
0.6072 0.716656
0.6096 0.71804
0.6096 0.719424
0.6096 0.720808
0.6096 0.722193
0.612 0.723577
0.612 0.724961
0.612 0.726346
0.6144 0.72773
0.6144 0.729114
0.6144 0.730498
0.6168 0.731883
0.6168 0.733267
0.6168 0.734651
0.6192 0.736035
0.6192 0.73742
0.6192 0.738804
0.6216 0.740188
0.6216 0.741573
0.6216 0.742957
0.6216 0.744341
0.624 0.745725
0.624 0.74711
0.624 0.748494
0.6264 0.749878
0.6264 0.751262
0.6264 0.752647
0.6288 0.754031
0.6288 0.755415
0.6288 0.7568
0.6288 0.758184
0.6312 0.759568
0.6312 0.760952
0.6312 0.762337
0.6336 0.763721
0.6336 0.765105
0.6336 0.766489
0.636 0.767874
0.636 0.769258
0.636 0.770642
0.6384 0.772027
0.6384 0.773411
0.6384 0.774795
0.6384 0.776179
0.6408 0.777564
0.6408 0.778948
0.6408 0.780332
0.6432 0.781717
0.6432 0.783101
0.6432 0.784485
0.6456 0.785869
0.6456 0.787254
0.6456 0.788638
0.6456 0.790022
0.648 0.791406
0.648 0.792791
0.648 0.794175
0.6504 0.795559
0.6504 0.796944
0.6504 0.798328
0.6528 0.799712
0.6528 0.801096
0.6528 0.802481
0.6528 0.803865
0.6552 0.805249
0.6552 0.806633
0.6552 0.808018
0.6576 0.809402
0.6576 0.810786
0.6576 0.812171
0.66 0.813555
0.66 0.814939
0.66 0.816323
0.66 0.817708
0.6624 0.819092
0.6624 0.820476
0.6624 0.82186
0.6648 0.823245
0.6648 0.824629
0.6648 0.826013
0.6672 0.827398
0.6672 0.828782
0.6672 0.830166
0.6672 0.83155
0.6696 0.832935
0.6696 0.834319
0.6696 0.835703
0.672 0.837087
0.672 0.838472
0.672 0.839856
0.6744 0.84124
0.6744 0.842625
0.6744 0.844009
0.6744 0.845393
0.6768 0.846777
0.6768 0.848162
0.6768 0.849546
0.6792 0.85093
0.6792 0.852315
0.6792 0.853699
0.6816 0.855083
0.6816 0.856467
0.6816 0.857852
0.6816 0.859236
0.684 0.86062
0.684 0.862004
0.684 0.863389
0.684 0.864773
0.6864 0.866157
0.6864 0.867542
0.6864 0.868926
0.6888 0.87031
0.6888 0.871694
0.6888 0.873079
0.6912 0.874463
0.6912 0.875847
0.6912 0.877231
0.6936 0.878616
0.6936 0.88
0.6936 0.881384
0.6936 0.882769
0.696 0.884153
0.696 0.885537
0.696 0.886921
0.696 0.888306
0.6984 0.88969
0.6984 0.891074
0.6984 0.892458
0.7008 0.893843
0.7008 0.895227
0.7008 0.896611
0.7008 0.897996
0.7032 0.89938
0.7032 0.900764
0.7032 0.902148
0.7056 0.903533
0.7056 0.904917
0.7056 0.906301
0.708 0.907685
0.708 0.90907
0.708 0.910454
0.708 0.911838
0.7104 0.913223
0.7104 0.914607
0.7104 0.915991
0.7128 0.917375
0.7128 0.91876
0.7128 0.920144
0.7128 0.921528
0.7152 0.922913
0.7152 0.924297
0.7152 0.925681
0.7176 0.927065
0.7176 0.92845
0.7176 0.929834
0.7176 0.931218
0.72 0.932602
0.72 0.933987
0.72 0.935371
0.7224 0.936755
0.7224 0.93814
0.7224 0.939524
0.7224 0.940908
0.7248 0.942292
0.7248 0.943677
0.7248 0.945061
0.7272 0.946445
0.7272 0.947829
0.7272 0.949214
0.7272 0.950598
0.7296 0.951982
0.7296 0.953367
0.7296 0.954751
0.7296 0.956135
0.732 0.957519
0.732 0.958904
0.732 0.960288
0.7344 0.961672
0.7344 0.963056
0.7344 0.964441
0.7368 0.965825
0.7368 0.967209
0.7368 0.968594
0.7368 0.969978
0.7392 0.971362
0.7392 0.972746
0.7392 0.974131
0.7416 0.975515
0.7416 0.976899
0.7416 0.978283
0.7416 0.979668
0.744 0.981052
0.744 0.982436
0.744 0.983821
0.744 0.985205
0.7464 0.986589
0.7464 0.987973
0.7464 0.989358
0.7488 0.990742
0.7488 0.992126
0.7488 0.993511
0.7488 0.994895
0.7512 0.996279
0.7512 0.997663
0.7512 0.999048
0.7536 1.00043
0.7536 1.00182
0.7536 1.0032
0.756 1.00458
0.756 1.00597
0.756 1.00735
0.756 1.00874
0.7584 1.01012
0.7584 1.01151
0.7584 1.01289
0.7584 1.01427
0.7608 1.01566
0.7608 1.01704
0.7608 1.01843
0.7632 1.01981
0.7632 1.0212
0.7632 1.02258
0.7632 1.02396
0.7656 1.02535
0.7656 1.02673
0.7656 1.02812
0.768 1.0295
0.768 1.03089
0.768 1.03227
0.768 1.03365
0.7704 1.03504
0.7704 1.03642
0.7704 1.03781
0.7704 1.03919
0.7728 1.04058
0.7728 1.04196
0.7728 1.04334
0.7752 1.04473
0.7752 1.04611
0.7752 1.0475
0.7752 1.04888
0.7776 1.05027
0.7776 1.05165
0.7776 1.05303
0.78 1.05442
0.78 1.0558
0.78 1.05719
0.7824 1.05857
0.7824 1.05996
0.7824 1.06134
0.7848 1.06272
0.7848 1.06411
0.7848 1.06549
0.7848 1.06688
0.7872 1.06826
0.7872 1.06965
0.7872 1.07103
0.7872 1.07241
0.7896 1.0738
0.7896 1.07518
0.7896 1.07657
0.792 1.07795
0.792 1.07934
0.792 1.08072
0.792 1.0821
0.7944 1.08349
0.7944 1.08487
0.7944 1.08626
0.7944 1.08764
0.7968 1.08903
0.7968 1.09041
0.7968 1.09179
0.7992 1.09318
0.7992 1.09456
0.7992 1.09595
0.8016 1.09733
0.8016 1.09872
0.8016 1.1001
0.8016 1.10148
0.804 1.10287
0.804 1.10425
0.804 1.10564
0.804 1.10702
0.8064 1.10841
0.8064 1.10979
0.8064 1.11117
0.8088 1.11256
0.8088 1.11394
0.8088 1.11533
0.8088 1.11671
0.8112 1.1181
0.8112 1.11948
0.8112 1.12086
0.8136 1.12225
0.8136 1.12363
0.8136 1.12502
0.8136 1.1264
0.816 1.12779
0.816 1.12917
0.816 1.13055
0.816 1.13194
0.8184 1.13332
0.8184 1.13471
0.8184 1.13609
0.8208 1.13748
0.8208 1.13886
0.8208 1.14024
0.8208 1.14163
0.8232 1.14301
0.8232 1.1444
0.8232 1.14578
0.8232 1.14717
0.8256 1.14855
0.8256 1.14993
0.8256 1.15132
0.828 1.1527
0.828 1.15409
0.828 1.15547
0.828 1.15685
0.8304 1.15824
0.8304 1.15962
0.8304 1.16101
0.8304 1.16239
0.8328 1.16378
0.8328 1.16516
0.8328 1.16654
0.8352 1.16793
0.8352 1.16931
0.8352 1.1707
0.8352 1.17208
0.8376 1.17347
0.8376 1.17485
0.8376 1.17623
0.84 1.17762
0.84 1.179
0.84 1.18039
0.84 1.18177
0.8424 1.18316
0.8424 1.18454
0.8424 1.18592
0.8448 1.18731
0.8448 1.18869
0.8448 1.19008
0.8448 1.19146
0.8472 1.19285
0.8472 1.19423
0.8472 1.19561
0.8472 1.197
0.8496 1.19838
0.8496 1.19977
0.8496 1.20115
0.8496 1.20254
0.852 1.20392
0.852 1.2053
0.852 1.20669
0.8544 1.20807
0.8544 1.20946
0.8544 1.21084
0.8544 1.21223
0.8568 1.21361
0.8568 1.21499
0.8568 1.21638
0.8568 1.21776
0.8592 1.21915
0.8592 1.22053
0.8592 1.22192
0.8616 1.2233
0.8616 1.22468
0.8616 1.22607
0.8616 1.22745
0.864 1.22884
0.864 1.23022
0.864 1.23161
0.864 1.23299
0.8664 1.23437
0.8664 1.23576
0.8664 1.23714
0.8688 1.23853
0.8688 1.23991
0.8688 1.2413
0.8688 1.24268
0.8712 1.24406
0.8712 1.24545
0.8712 1.24683
0.8712 1.24822
0.8736 1.2496
0.8736 1.25099
0.8736 1.25237
0.876 1.25375
0.876 1.25514
0.876 1.25652
0.876 1.25791
0.8784 1.25929
0.8784 1.26068
0.8784 1.26206
0.8784 1.26344
0.8808 1.26483
0.8808 1.26621
0.8808 1.2676
0.8808 1.26898
0.8832 1.27037
0.8832 1.27175
0.8832 1.27313
0.8832 1.27452
0.8856 1.2759
0.8856 1.27729
0.8856 1.27867
0.888 1.28006
0.888 1.28144
0.888 1.28282
0.888 1.28421
0.8904 1.28559
0.8904 1.28698
0.8904 1.28836
0.8904 1.28975
0.8928 1.29113
0.8928 1.29251
0.8928 1.2939
0.8928 1.29528
0.8952 1.29667
0.8952 1.29805
0.8952 1.29944
0.8952 1.30082
0.8976 1.3022
0.8976 1.30359
0.8976 1.30497
0.9 1.30636
0.9 1.30774
0.9 1.30913
0.9 1.31051
0.9024 1.31189
0.9024 1.31328
0.9024 1.31466
0.9024 1.31605
0.9048 1.31743
0.9048 1.31882
0.9048 1.3202
0.9072 1.32158
0.9072 1.32297
0.9072 1.32435
0.9072 1.32574
0.9096 1.32712
0.9096 1.3285
0.9096 1.32989
0.9096 1.33127
0.912 1.33266
0.912 1.33404
0.912 1.33543
0.912 1.33681
0.9144 1.33819
0.9144 1.33958
0.9144 1.34096
0.9168 1.34235
0.9168 1.34373
0.9168 1.34512
0.9168 1.3465
0.9192 1.34788
0.9192 1.34927
0.9192 1.35065
0.9192 1.35204
0.9216 1.35342
0.9216 1.35481
0.9216 1.35619
0.9216 1.35757
0.924 1.35896
0.924 1.36034
0.924 1.36173
0.924 1.36311
0.9264 1.3645
0.9264 1.36588
0.9264 1.36726
0.9288 1.36865
0.9288 1.37003
0.9288 1.37142
0.9288 1.3728
0.9312 1.37419
0.9312 1.37557
0.9312 1.37695
0.9336 1.37834
0.9336 1.37972
0.9336 1.38111
0.9336 1.38249
0.936 1.38388
0.936 1.38526
0.936 1.38664
0.936 1.38803
0.936 1.38941
0.9384 1.3908
0.9384 1.39218
0.9384 1.39357
0.9408 1.39495
0.9408 1.39633
0.9408 1.39772
0.9408 1.3991
0.9432 1.40049
0.9432 1.40187
0.9432 1.40326
0.9432 1.40464
0.9456 1.40602
0.9456 1.40741
0.9456 1.40879
0.948 1.41018
0.948 1.41156
0.948 1.41295
0.948 1.41433
0.9504 1.41571
0.9504 1.4171
0.9504 1.41848
0.9504 1.41987
0.9528 1.42125
0.9528 1.42264
0.9528 1.42402
0.9528 1.4254
0.9552 1.42679
0.9552 1.42817
0.9552 1.42956
0.9576 1.43094
0.9576 1.43233
0.9576 1.43371
0.9576 1.43509
0.96 1.43648
0.96 1.43786
0.96 1.43925
0.96 1.44063
0.9624 1.44202
0.9624 1.4434
0.9624 1.44478
0.9624 1.44617
0.9648 1.44755
0.9648 1.44894
0.9648 1.45032
0.9672 1.45171
0.9672 1.45309
0.9672 1.45447
0.9672 1.45586
0.9696 1.45724
0.9696 1.45863
0.9696 1.46001
0.9696 1.4614
0.972 1.46278
0.972 1.46416
0.972 1.46555
0.9744 1.46693
0.9744 1.46832
0.9744 1.4697
0.9744 1.47109
0.9768 1.47247
0.9768 1.47385
0.9768 1.47524
0.9768 1.47662
0.9792 1.47801
0.9792 1.47939
0.9792 1.48078
0.9816 1.48216
0.9816 1.48354
0.9816 1.48493
0.9816 1.48631
0.9816 1.4877
0.984 1.48908
0.984 1.49047
0.984 1.49185
0.984 1.49323
0.9864 1.49462
0.9864 1.496
0.9864 1.49739
0.9888 1.49877
0.9888 1.50016
0.9888 1.50154
0.9888 1.50292
0.9912 1.50431
0.9912 1.50569
0.9912 1.50708
0.9912 1.50846
0.9936 1.50984
0.9936 1.51123
0.9936 1.51261
0.9936 1.514
0.996 1.51538
0.996 1.51677
0.996 1.51815
0.996 1.51953
0.9984 1.52092
0.9984 1.5223
0.9984 1.52369
1.0008 1.52507
1.0008 1.52646
1.0008 1.52784
1.0008 1.52922
1.0008 1.53061
1.0032 1.53199
1.0032 1.53338
1.0032 1.53476
1.0032 1.53615
1.0056 1.53753
1.0056 1.53891
1.0056 1.5403
1.008 1.54168
1.008 1.54307
1.008 1.54445
1.008 1.54584
1.0104 1.54722
1.0104 1.5486
1.0104 1.54999
1.0104 1.55137
1.0128 1.55276
1.0128 1.55414
1.0128 1.55553
1.0152 1.55691
1.0152 1.55829
1.0152 1.55968
1.0152 1.56106
1.0176 1.56245
1.0176 1.56383
1.0176 1.56522
1.0176 1.5666
1.02 1.56798
1.02 1.56937
1.02 1.57075
1.0224 1.57214
1.0224 1.57352
1.0224 1.57491
1.0224 1.57629
1.0248 1.57767
1.0248 1.57906
1.0248 1.58044
1.0248 1.58183
1.0272 1.58321
1.0272 1.5846
1.0272 1.58598
1.0296 1.58736
1.0296 1.58875
1.0296 1.59013
1.0296 1.59152
1.032 1.5929
1.032 1.59429
1.032 1.59567
1.032 1.59705
1.0344 1.59844
1.0344 1.59982
1.0344 1.60121
1.0344 1.60259
1.0368 1.60398
1.0368 1.60536
1.0368 1.60674
1.0368 1.60813
1.0392 1.60951
1.0392 1.6109
1.0392 1.61228
1.0392 1.61367
1.0416 1.61505
1.0416 1.61643
1.0416 1.61782
1.044 1.6192
1.044 1.62059
1.044 1.62197
1.044 1.62336
1.0464 1.62474
1.0464 1.62612
1.0464 1.62751
1.0464 1.62889
1.0488 1.63028
1.0488 1.63166
1.0488 1.63305
1.0488 1.63443
1.0512 1.63581
1.0512 1.6372
1.0512 1.63858
1.0536 1.63997
1.0536 1.64135
1.0536 1.64274
1.0536 1.64412
1.0536 1.6455
1.056 1.64689
1.056 1.64827
1.056 1.64966
1.056 1.65104
1.0584 1.65243
1.0584 1.65381
1.0584 1.65519
1.0608 1.65658
1.0608 1.65796
1.0608 1.65935
1.0608 1.66073
1.0632 1.66212
1.0632 1.6635
1.0632 1.66488
1.0632 1.66627
1.0656 1.66765
1.0656 1.66904
1.0656 1.67042
1.0656 1.67181
1.068 1.67319
1.068 1.67457
1.068 1.67596
1.068 1.67734
1.0704 1.67873
1.0704 1.68011
1.0704 1.6815
1.0704 1.68288
1.0728 1.68426
1.0728 1.68565
1.0728 1.68703
1.0728 1.68842
1.0752 1.6898
1.0752 1.69118
1.0752 1.69257
1.0752 1.69395
1.0776 1.69534
1.0776 1.69672
1.0776 1.69811
1.08 1.69949
1.08 1.70087
1.08 1.70226
1.08 1.70364
1.0824 1.70503
1.0824 1.70641
1.0824 1.7078
1.0824 1.70918
1.0848 1.71056
1.0848 1.71195
1.0848 1.71333
1.0848 1.71472
1.0872 1.7161
1.0872 1.71749
1.0872 1.71887
1.0872 1.72025
1.0896 1.72164
1.0896 1.72302
1.0896 1.72441
1.0896 1.72579
1.092 1.72718
1.092 1.72856
1.092 1.72994
1.0944 1.73133
1.0944 1.73271
1.0944 1.7341
1.0944 1.73548
1.0968 1.73687
1.0968 1.73825
1.0968 1.73963
1.0968 1.74102
1.0968 1.7424
1.0992 1.74379
1.0992 1.74517
1.0992 1.74656
1.1016 1.74794
1.1016 1.74932
1.1016 1.75071
1.1016 1.75209
1.104 1.75348
1.104 1.75486
1.104 1.75625
1.104 1.75763
1.1064 1.75901
1.1064 1.7604
1.1064 1.76178
1.1088 1.76317
1.1088 1.76455
1.1088 1.76594
1.1088 1.76732
1.1112 1.7687
1.1112 1.77009
1.1112 1.77147
1.1112 1.77286
1.1136 1.77424
1.1136 1.77563
1.1136 1.77701
1.1136 1.77839
1.116 1.77978
1.116 1.78116
1.116 1.78255
1.116 1.78393
1.1184 1.78532
1.1184 1.7867
1.1184 1.78808
1.1184 1.78947
1.1208 1.79085
1.1208 1.79224
1.1208 1.79362
1.1232 1.79501
1.1232 1.79639
1.1232 1.79777
1.1232 1.79916
1.1256 1.80054
1.1256 1.80193
1.1256 1.80331
1.1256 1.8047
1.128 1.80608
1.128 1.80746
1.128 1.80885
1.128 1.81023
1.1304 1.81162
1.1304 1.813
1.1304 1.81439
1.1304 1.81577
1.1328 1.81715
1.1328 1.81854
1.1328 1.81992
1.1328 1.82131
1.1352 1.82269
1.1352 1.82408
1.1352 1.82546
1.1352 1.82684
1.1376 1.82823
1.1376 1.82961
1.1376 1.831
1.14 1.83238
1.14 1.83377
1.14 1.83515
1.14 1.83653
1.1424 1.83792
1.1424 1.8393
1.1424 1.84069
1.1424 1.84207
1.1448 1.84346
1.1448 1.84484
1.1448 1.84622
1.1448 1.84761
1.1472 1.84899
1.1472 1.85038
1.1472 1.85176
1.1496 1.85315
1.1496 1.85453
1.1496 1.85591
1.1496 1.8573
1.1496 1.85868
1.152 1.86007
1.152 1.86145
1.152 1.86283
1.1544 1.86422
1.1544 1.8656
1.1544 1.86699
1.1544 1.86837
1.1568 1.86976
1.1568 1.87114
1.1568 1.87252
1.1568 1.87391
1.1592 1.87529
1.1592 1.87668
1.1592 1.87806
1.1616 1.87945
1.1616 1.88083
1.1616 1.88221
1.1616 1.8836
1.164 1.88498
1.164 1.88637
1.164 1.88775
1.164 1.88914
1.1664 1.89052
1.1664 1.8919
1.1664 1.89329
1.1664 1.89467
1.1688 1.89606
1.1688 1.89744
1.1688 1.89883
1.1688 1.90021
1.1712 1.90159
1.1712 1.90298
1.1712 1.90436
1.1736 1.90575
1.1736 1.90713
1.1736 1.90852
1.1736 1.9099
1.176 1.91128
1.176 1.91267
1.176 1.91405
1.176 1.91544
1.1784 1.91682
1.1784 1.91821
1.1784 1.91959
1.1784 1.92097
1.1808 1.92236
1.1808 1.92374
1.1808 1.92513
1.1808 1.92651
1.1832 1.9279
1.1832 1.92928
1.1832 1.93066
1.1856 1.93205
1.1856 1.93343
1.1856 1.93482
1.1856 1.9362
1.188 1.93759
1.188 1.93897
1.188 1.94035
1.188 1.94174
1.1904 1.94312
1.1904 1.94451
1.1904 1.94589
1.1904 1.94728
1.1928 1.94866
1.1928 1.95004
1.1928 1.95143
1.1952 1.95281
1.1952 1.9542
1.1952 1.95558
1.1952 1.95697
1.1976 1.95835
1.1976 1.95973
1.1976 1.96112
1.1976 1.9625
1.2 1.96389
1.2 1.96527
1.2 1.96666
1.2 1.96804
1.2024 1.96942
1.2024 1.97081
1.2024 1.97219
1.2024 1.97358
1.2048 1.97496
1.2048 1.97635
1.2048 1.97773
1.2048 1.97911
1.2072 1.9805
1.2072 1.98188
1.2072 1.98327
1.2096 1.98465
1.2096 1.98604
1.2096 1.98742
1.2096 1.9888
1.212 1.99019
1.212 1.99157
1.212 1.99296
1.212 1.99434
1.2144 1.99573
1.2144 1.99711
1.2144 1.99849
1.2144 1.99988
1.2168 2.00126
1.2168 2.00265
1.2168 2.00403
1.2168 2.00542
1.2168 2.0068
1.2192 2.00818
1.2192 2.00957
1.2192 2.01095
1.2216 2.01234
1.2216 2.01372
1.2216 2.01511
1.2216 2.01649
1.224 2.01787
1.224 2.01926
1.224 2.02064
1.224 2.02203
1.2264 2.02341
1.2264 2.0248
1.2264 2.02618
1.2288 2.02756
1.2288 2.02895
1.2288 2.03033
1.2288 2.03172
1.2312 2.0331
1.2312 2.03449
1.2312 2.03587
1.2312 2.03725
1.2336 2.03864
1.2336 2.04002
1.2336 2.04141
1.2336 2.04279
1.236 2.04417
1.236 2.04556
1.236 2.04694
1.236 2.04833
1.2384 2.04971
1.2384 2.0511
1.2384 2.05248
1.2408 2.05386
1.2408 2.05525
1.2408 2.05663
1.2408 2.05802
1.2432 2.0594
1.2432 2.06079
1.2432 2.06217
1.2432 2.06355
1.2456 2.06494
1.2456 2.06632
1.2456 2.06771
1.2456 2.06909
1.248 2.07048
1.248 2.07186
1.248 2.07324
1.248 2.07463
1.2504 2.07601
1.2504 2.0774
1.2504 2.07878
1.2504 2.08017
1.2528 2.08155
1.2528 2.08293
1.2528 2.08432
1.2552 2.0857
1.2552 2.08709
1.2552 2.08847
1.2552 2.08986
1.2576 2.09124
1.2576 2.09262
1.2576 2.09401
1.2576 2.09539
1.26 2.09678
1.26 2.09816
1.26 2.09955
1.26 2.10093
1.2624 2.10231
1.2624 2.1037
1.2624 2.10508
1.2648 2.10647
1.2648 2.10785
1.2648 2.10924
1.2648 2.11062
1.2672 2.112
1.2672 2.11339
1.2672 2.11477
1.2672 2.11616
1.2696 2.11754
1.2696 2.11893
1.2696 2.12031
1.272 2.12169
1.272 2.12308
1.272 2.12446
1.272 2.12585
1.2744 2.12723
1.2744 2.12862
1.2744 2.13
1.2744 2.13138
1.2768 2.13277
1.2768 2.13415
1.2768 2.13554
1.2768 2.13692
1.2792 2.13831
1.2792 2.13969
1.2792 2.14107
1.2816 2.14246
1.2816 2.14384
1.2816 2.14523
1.2816 2.14661
1.284 2.148
1.284 2.14938
1.284 2.15076
1.2864 2.15215
1.2864 2.15353
1.2864 2.15492
1.2864 2.1563
1.2888 2.15769
1.2888 2.15907
1.2888 2.16045
1.2888 2.16184
1.2912 2.16322
1.2912 2.16461
1.2912 2.16599
1.2912 2.16738
1.2936 2.16876
1.2936 2.17014
1.2936 2.17153
1.296 2.17291
1.296 2.1743
1.296 2.17568
1.296 2.17707
1.2984 2.17845
1.2984 2.17983
1.2984 2.18122
1.2984 2.1826
1.3008 2.18399
1.3008 2.18537
1.3008 2.18676
1.3008 2.18814
1.3032 2.18952
1.3032 2.19091
1.3032 2.19229
1.3032 2.19368
1.3056 2.19506
1.3056 2.19645
1.3056 2.19783
1.308 2.19921
1.308 2.2006
1.308 2.20198
1.308 2.20337
1.3104 2.20475
1.3104 2.20614
1.3104 2.20752
1.3104 2.2089
1.3128 2.21029
1.3128 2.21167
1.3128 2.21306
1.3152 2.21444
1.3152 2.21583
1.3152 2.21721
1.3152 2.21859
1.3176 2.21998
1.3176 2.22136
1.3176 2.22275
1.3176 2.22413
1.32 2.22551
1.32 2.2269
1.32 2.22828
1.32 2.22967
1.3224 2.23105
1.3224 2.23244
1.3224 2.23382
1.3248 2.2352
1.3248 2.23659
1.3248 2.23797
1.3248 2.23936
1.3272 2.24074
1.3272 2.24213
1.3272 2.24351
1.3272 2.24489
1.3296 2.24628
1.3296 2.24766
1.3296 2.24905
1.3296 2.25043
1.332 2.25182
1.332 2.2532
1.332 2.25458
1.3344 2.25597
1.3344 2.25735
1.3344 2.25874
1.3344 2.26012
1.3368 2.26151
1.3368 2.26289
1.3368 2.26427
1.3368 2.26566
1.3392 2.26704
1.3392 2.26843
1.3392 2.26981
1.3392 2.2712
1.3416 2.27258
1.3416 2.27396
1.3416 2.27535
1.3416 2.27673
1.344 2.27812
1.344 2.2795
1.344 2.28089
1.3464 2.28227
1.3464 2.28365
1.3464 2.28504
1.3488 2.28642
1.3488 2.28781
1.3488 2.28919
1.3488 2.29058
1.3488 2.29196
1.3512 2.29334
1.3512 2.29473
1.3512 2.29611
1.3536 2.2975
1.3536 2.29888
1.3536 2.30027
1.3536 2.30165
1.356 2.30303
1.356 2.30442
1.356 2.3058
1.3584 2.30719
1.3584 2.30857
1.3584 2.30996
1.3584 2.31134
1.3608 2.31272
1.3608 2.31411
1.3608 2.31549
1.3608 2.31688
1.3632 2.31826
1.3632 2.31965
1.3632 2.32103
1.3632 2.32241
1.3656 2.3238
1.3656 2.32518
1.3656 2.32657
1.368 2.32795
1.368 2.32934
1.368 2.33072
1.368 2.3321
1.3704 2.33349
1.3704 2.33487
1.3704 2.33626
1.3704 2.33764
1.3728 2.33903
1.3728 2.34041
1.3728 2.34179
1.3752 2.34318
1.3752 2.34456
1.3752 2.34595
1.3752 2.34733
1.3776 2.34872
1.3776 2.3501
1.3776 2.35148
1.38 2.35287
1.38 2.35425
1.38 2.35564
1.38 2.35702
1.3824 2.35841
1.3824 2.35979
1.3824 2.36117
1.3824 2.36256
1.3848 2.36394
1.3848 2.36533
1.3848 2.36671
1.3872 2.3681
1.3872 2.36948
1.3872 2.37086
1.3872 2.37225
1.3896 2.37363
1.3896 2.37502
1.3896 2.3764
1.3896 2.37779
1.392 2.37917
1.392 2.38055
1.392 2.38194
1.3944 2.38332
1.3944 2.38471
1.3944 2.38609
1.3944 2.38748
1.3968 2.38886
1.3968 2.39024
1.3968 2.39163
1.3968 2.39301
1.3992 2.3944
1.3992 2.39578
1.3992 2.39717
1.4016 2.39855
1.4016 2.39993
1.4016 2.40132
1.4016 2.4027
1.404 2.40409
1.404 2.40547
1.404 2.40685
1.404 2.40824
1.4064 2.40962
1.4064 2.41101
1.4064 2.41239
1.4088 2.41378
1.4088 2.41516
1.4088 2.41654
1.4088 2.41793
1.4112 2.41931
1.4112 2.4207
1.4112 2.42208
1.4136 2.42347
1.4136 2.42485
1.4136 2.42623
1.4136 2.42762
1.416 2.429
1.416 2.43039
1.416 2.43177
1.4184 2.43316
1.4184 2.43454
1.4184 2.43592
1.4208 2.43731
1.4208 2.43869
1.4208 2.44008
1.4208 2.44146
1.4232 2.44285
1.4232 2.44423
1.4232 2.44561
1.4232 2.447
1.4256 2.44838
1.4256 2.44977
1.4256 2.45115
1.4256 2.45254
1.428 2.45392
1.428 2.4553
1.428 2.45669
1.4304 2.45807
1.4304 2.45946
1.4304 2.46084
1.4304 2.46223
1.4328 2.46361
1.4328 2.46499
1.4328 2.46638
1.4352 2.46776
1.4352 2.46915
1.4352 2.47053
1.4352 2.47192
1.4376 2.4733
1.4376 2.47468
1.4376 2.47607
1.4376 2.47745
1.44 2.47884
1.44 2.48022
1.44 2.48161
1.4424 2.48299
1.4424 2.48437
1.4424 2.48576
1.4424 2.48714
1.4448 2.48853
1.4448 2.48991
1.4448 2.4913
1.4472 2.49268
1.4472 2.49406
1.4472 2.49545
1.4472 2.49683
1.4496 2.49822
1.4496 2.4996
1.4496 2.50099
1.452 2.50237
1.452 2.50375
1.452 2.50514
1.4544 2.50652
1.4544 2.50791
1.4544 2.50929
1.4544 2.51068
1.4568 2.51206
1.4568 2.51344
1.4568 2.51483
1.4568 2.51621
1.4592 2.5176
1.4592 2.51898
1.4592 2.52037
1.4616 2.52175
1.4616 2.52313
1.4616 2.52452
1.464 2.5259
1.464 2.52729
1.464 2.52867
1.464 2.53006
1.4664 2.53144
1.4664 2.53282
1.4664 2.53421
1.4664 2.53559
1.4688 2.53698
1.4688 2.53836
1.4688 2.53975
1.4712 2.54113
1.4712 2.54251
1.4712 2.5439
1.4712 2.54528
1.4736 2.54667
1.4736 2.54805
1.4736 2.54944
1.476 2.55082
1.476 2.5522
1.476 2.55359
1.476 2.55497
1.4784 2.55636
1.4784 2.55774
1.4784 2.55913
1.4808 2.56051
1.4808 2.56189
1.4808 2.56328
1.4832 2.56466
1.4832 2.56605
1.4832 2.56743
1.4832 2.56882
1.4832 2.5702
1.4856 2.57158
1.4856 2.57297
1.4856 2.57435
1.488 2.57574
1.488 2.57712
1.488 2.5785
1.4904 2.57989
1.4904 2.58127
1.4904 2.58266
1.4904 2.58404
1.4928 2.58543
1.4928 2.58681
1.4928 2.58819
1.4952 2.58958
1.4952 2.59096
1.4952 2.59235
1.4952 2.59373
1.4976 2.59512
1.4976 2.5965
1.4976 2.59788
1.4976 2.59927
1.5 2.60065
1.5 2.60204
1.5 2.60342
1.5024 2.60481
1.5024 2.60619
1.5024 2.60757
1.5048 2.60896
1.5048 2.61034
1.5048 2.61173
1.5048 2.61311
1.5072 2.6145
1.5072 2.61588
1.5072 2.61726
1.5096 2.61865
1.5096 2.62003
1.5096 2.62142
1.5096 2.6228
1.512 2.62419
1.512 2.62557
1.512 2.62695
1.5144 2.62834
1.5144 2.62972
1.5144 2.63111
1.5144 2.63249
1.5168 2.63388
1.5168 2.63526
1.5168 2.63664
1.5192 2.63803
1.5192 2.63941
1.5192 2.6408
1.5216 2.64218
1.5216 2.64357
1.5216 2.64495
1.5216 2.64633
1.524 2.64772
1.524 2.6491
1.524 2.65049
1.524 2.65187
1.5264 2.65326
1.5264 2.65464
1.5264 2.65602
1.5288 2.65741
1.5288 2.65879
1.5288 2.66018
1.5288 2.66156
1.5312 2.66295
1.5312 2.66433
1.5312 2.66571
1.5336 2.6671
1.5336 2.66848
1.5336 2.66987
1.536 2.67125
1.536 2.67264
1.536 2.67402
1.536 2.6754
1.5384 2.67679
1.5384 2.67817
1.5384 2.67956
1.5408 2.68094
1.5408 2.68233
1.5408 2.68371
1.5408 2.68509
1.5432 2.68648
1.5432 2.68786
1.5432 2.68925
1.5456 2.69063
1.5456 2.69202
1.5456 2.6934
1.5456 2.69478
1.548 2.69617
1.548 2.69755
1.548 2.69894
1.548 2.70032
1.5504 2.70171
1.5504 2.70309
1.5504 2.70447
1.5528 2.70586
1.5528 2.70724
1.5528 2.70863
1.5552 2.71001
1.5552 2.7114
1.5552 2.71278
1.5552 2.71416
1.5576 2.71555
1.5576 2.71693
1.5576 2.71832
1.56 2.7197
1.56 2.72109
1.56 2.72247
1.5624 2.72385
1.5624 2.72524
1.5624 2.72662
1.5648 2.72801
1.5648 2.72939
1.5648 2.73078
1.5648 2.73216
1.5672 2.73354
1.5672 2.73493
1.5672 2.73631
1.5696 2.7377
1.5696 2.73908
1.5696 2.74047
1.5696 2.74185
1.572 2.74323
1.572 2.74462
1.5744 2.746
1.5744 2.74739
1.5744 2.74877
1.5744 2.75016
1.5768 2.75154
1.5768 2.75292
1.5768 2.75431
1.5792 2.75569
1.5792 2.75708
1.5792 2.75846
1.5792 2.75984
1.5816 2.76123
1.5816 2.76261
1.5816 2.764
1.584 2.76538
1.584 2.76677
1.584 2.76815
1.584 2.76953
1.5864 2.77092
1.5864 2.7723
1.5864 2.77369
1.5888 2.77507
1.5888 2.77646
1.5888 2.77784
1.5912 2.77922
1.5912 2.78061
1.5912 2.78199
1.5936 2.78338
1.5936 2.78476
1.5936 2.78615
1.5936 2.78753
1.596 2.78891
1.596 2.7903
1.596 2.79168
1.5984 2.79307
1.5984 2.79445
1.5984 2.79584
1.6008 2.79722
1.6008 2.7986
1.6008 2.79999
1.6008 2.80137
1.6032 2.80276
1.6032 2.80414
1.6032 2.80553
1.6056 2.80691
1.6056 2.80829
1.6056 2.80968
1.608 2.81106
1.608 2.81245
1.608 2.81383
1.608 2.81522
1.6104 2.8166
1.6104 2.81798
1.6104 2.81937
1.6128 2.82075
1.6128 2.82214
1.6128 2.82352
1.6152 2.82491
1.6152 2.82629
1.6152 2.82767
1.6152 2.82906
1.6176 2.83044
1.6176 2.83183
1.6176 2.83321
1.62 2.8346
1.62 2.83598
1.62 2.83736
1.6224 2.83875
1.6224 2.84013
1.6224 2.84152
1.6224 2.8429
1.6248 2.84429
1.6248 2.84567
1.6248 2.84705
1.6272 2.84844
1.6272 2.84982
1.6272 2.85121
1.6296 2.85259
1.6296 2.85398
1.6296 2.85536
1.632 2.85674
1.632 2.85813
1.632 2.85951
1.6344 2.8609
1.6344 2.86228
1.6344 2.86367
1.6344 2.86505
1.6368 2.86643
1.6368 2.86782
1.6368 2.8692
1.6392 2.87059
1.6392 2.87197
1.6392 2.87336
1.6416 2.87474
1.6416 2.87612
1.6416 2.87751
1.644 2.87889
1.644 2.88028
1.644 2.88166
1.644 2.88305
1.6464 2.88443
1.6464 2.88581
1.6464 2.8872
1.6488 2.88858
1.6488 2.88997
1.6488 2.89135
1.6512 2.89274
1.6512 2.89412
1.6512 2.8955
1.6536 2.89689
1.6536 2.89827
1.6536 2.89966
1.656 2.90104
1.656 2.90243
1.656 2.90381
1.6584 2.90519
1.6584 2.90658
1.6584 2.90796
1.6608 2.90935
1.6608 2.91073
1.6608 2.91212
1.6608 2.9135
1.6632 2.91488
1.6632 2.91627
1.6632 2.91765
1.6656 2.91904
1.6656 2.92042
1.6656 2.92181
1.668 2.92319
1.668 2.92457
1.668 2.92596
1.6704 2.92734
1.6704 2.92873
1.6704 2.93011
1.6728 2.9315
1.6728 2.93288
1.6728 2.93426
1.6752 2.93565
1.6752 2.93703
1.6752 2.93842
1.6776 2.9398
1.6776 2.94118
1.6776 2.94257
1.6776 2.94395
1.68 2.94534
1.68 2.94672
1.6824 2.94811
1.6824 2.94949
1.6824 2.95087
1.6824 2.95226
1.6848 2.95364
1.6848 2.95503
1.6848 2.95641
1.6872 2.9578
1.6872 2.95918
1.6872 2.96056
1.6896 2.96195
1.6896 2.96333
1.6896 2.96472
1.692 2.9661
1.692 2.96749
1.692 2.96887
1.692 2.97025
1.6944 2.97164
1.6944 2.97302
1.6944 2.97441
1.6968 2.97579
1.6968 2.97718
1.6968 2.97856
1.6992 2.97994
1.6992 2.98133
1.6992 2.98271
1.7016 2.9841
1.7016 2.98548
1.7016 2.98687
1.704 2.98825
1.704 2.98963
1.704 2.99102
1.7064 2.9924
1.7064 2.99379
1.7064 2.99517
1.7088 2.99656
1.7088 2.99794
1.7088 2.99932
1.7112 3.00071
1.7112 3.00209
1.7112 3.00348
1.7136 3.00486
1.7136 3.00625
1.7136 3.00763
1.716 3.00901
1.716 3.0104
1.716 3.01178
1.716 3.01317
1.7184 3.01455
1.7184 3.01594
1.7208 3.01732
1.7208 3.0187
1.7208 3.02009
1.7208 3.02147
1.7232 3.02286
1.7232 3.02424
1.7232 3.02563
1.7256 3.02701
1.7256 3.02839
1.7256 3.02978
1.728 3.03116
1.728 3.03255
1.728 3.03393
1.7304 3.03532
1.7304 3.0367
1.7304 3.03808
1.7328 3.03947
1.7328 3.04085
1.7328 3.04224
1.7352 3.04362
1.7352 3.04501
1.7352 3.04639
1.7376 3.04777
1.7376 3.04916
1.7376 3.05054
1.74 3.05193
1.74 3.05331
1.74 3.0547
1.7424 3.05608
1.7424 3.05746
1.7424 3.05885
1.7448 3.06023
1.7448 3.06162
1.7448 3.063
1.7472 3.06439
1.7472 3.06577
1.7472 3.06715
1.7496 3.06854
1.7496 3.06992
1.7496 3.07131
1.7496 3.07269
1.752 3.07408
1.752 3.07546
1.752 3.07684
1.7544 3.07823
1.7544 3.07961
1.7544 3.081
1.7568 3.08238
1.7568 3.08377
1.7592 3.08515
1.7592 3.08653
1.7592 3.08792
1.7616 3.0893
1.7616 3.09069
1.7616 3.09207
1.764 3.09346
1.764 3.09484
1.764 3.09622
1.764 3.09761
1.7664 3.09899
1.7664 3.10038
1.7688 3.10176
1.7688 3.10315
1.7688 3.10453
1.7712 3.10591
1.7712 3.1073
1.7712 3.10868
1.7736 3.11007
1.7736 3.11145
1.7736 3.11283
1.776 3.11422
1.776 3.1156
1.776 3.11699
1.7784 3.11837
1.7784 3.11976
1.7808 3.12114
1.7808 3.12252
1.7808 3.12391
1.7808 3.12529
1.7832 3.12668
1.7832 3.12806
1.7832 3.12945
1.7856 3.13083
1.7856 3.13221
1.788 3.1336
1.788 3.13498
1.788 3.13637
1.7904 3.13775
1.7904 3.13914
1.7904 3.14052
1.7904 3.1419
1.7928 3.14329
1.7928 3.14467
1.7952 3.14606
1.7952 3.14744
1.7952 3.14883
1.7976 3.15021
1.7976 3.15159
1.7976 3.15298
1.8 3.15436
1.8 3.15575
1.8 3.15713
1.8024 3.15852
1.8024 3.1599
1.8024 3.16128
1.8048 3.16267
1.8048 3.16405
1.8048 3.16544
1.8072 3.16682
1.8072 3.16821
1.8072 3.16959
1.8096 3.17097
1.8096 3.17236
1.8096 3.17374
1.812 3.17513
1.812 3.17651
1.812 3.1779
1.8144 3.17928
1.8144 3.18066
1.8168 3.18205
1.8168 3.18343
1.8168 3.18482
1.8192 3.1862
1.8192 3.18759
1.8192 3.18897
1.8216 3.19035
1.8216 3.19174
1.8216 3.19312
1.824 3.19451
1.824 3.19589
1.824 3.19728
1.8264 3.19866
1.8264 3.20004
1.8264 3.20143
1.8288 3.20281
1.8288 3.2042
1.8288 3.20558
1.8312 3.20697
1.8312 3.20835
1.8336 3.20973
1.8336 3.21112
1.8336 3.2125
1.836 3.21389
1.836 3.21527
1.836 3.21666
1.8384 3.21804
1.8384 3.21942
1.8384 3.22081
1.8408 3.22219
1.8408 3.22358
1.8408 3.22496
1.8432 3.22635
1.8432 3.22773
1.8432 3.22911
1.8456 3.2305
1.8456 3.23188
1.848 3.23327
1.848 3.23465
1.848 3.23604
1.8504 3.23742
1.8504 3.2388
1.8504 3.24019
1.8528 3.24157
1.8528 3.24296
1.8528 3.24434
1.8552 3.24573
1.8552 3.24711
1.8552 3.24849
1.8576 3.24988
1.8576 3.25126
1.86 3.25265
1.86 3.25403
1.86 3.25542
1.8624 3.2568
1.8624 3.25818
1.8624 3.25957
1.8648 3.26095
1.8648 3.26234
1.8648 3.26372
1.8672 3.26511
1.8672 3.26649
1.8672 3.26787
1.8696 3.26926
1.8696 3.27064
1.872 3.27203
1.872 3.27341
1.872 3.2748
1.8744 3.27618
1.8744 3.27756
1.8744 3.27895
1.8768 3.28033
1.8768 3.28172
1.8768 3.2831
1.8792 3.28449
1.8792 3.28587
1.8816 3.28725
1.8816 3.28864
1.8816 3.29002
1.884 3.29141
1.884 3.29279
1.884 3.29417
1.8864 3.29556
1.8864 3.29694
1.8864 3.29833
1.8888 3.29971
1.8888 3.3011
1.8912 3.30248
1.8912 3.30386
1.8912 3.30525
1.8936 3.30663
1.8936 3.30802
1.8936 3.3094
1.896 3.31079
1.896 3.31217
1.896 3.31355
1.8984 3.31494
1.8984 3.31632
1.9008 3.31771
1.9008 3.31909
1.9008 3.32048
1.9032 3.32186
1.9032 3.32324
1.9032 3.32463
1.9056 3.32601
1.9056 3.3274
1.908 3.32878
1.908 3.33017
1.908 3.33155
1.9104 3.33293
1.9104 3.33432
1.9104 3.3357
1.9128 3.33709
1.9128 3.33847
1.9152 3.33986
1.9152 3.34124
1.9152 3.34262
1.9176 3.34401
1.9176 3.34539
1.92 3.34678
1.92 3.34816
1.92 3.34955
1.9224 3.35093
1.9224 3.35231
1.9248 3.3537
1.9248 3.35508
1.9272 3.35647
1.9272 3.35785
1.9272 3.35924
1.9296 3.36062
1.9296 3.362
1.9296 3.36339
1.932 3.36477
1.932 3.36616
1.932 3.36754
1.9344 3.36893
1.9344 3.37031
1.9344 3.37169
1.9368 3.37308
1.9368 3.37446
1.9392 3.37585
1.9392 3.37723
1.9416 3.37862
1.9416 3.38
1.9416 3.38138
1.944 3.38277
1.944 3.38415
1.944 3.38554
1.9464 3.38692
1.9464 3.38831
1.9488 3.38969
1.9488 3.39107
1.9488 3.39246
1.9512 3.39384
1.9512 3.39523
1.9536 3.39661
1.9536 3.398
1.9536 3.39938
1.956 3.40076
1.956 3.40215
1.956 3.40353
1.9584 3.40492
1.9584 3.4063
1.9608 3.40769
1.9608 3.40907
1.9608 3.41045
1.9632 3.41184
1.9632 3.41322
1.9656 3.41461
1.9656 3.41599
1.9656 3.41738
1.968 3.41876
1.968 3.42014
1.9704 3.42153
1.9704 3.42291
1.9704 3.4243
1.9728 3.42568
1.9728 3.42707
1.9728 3.42845
1.9752 3.42983
1.9752 3.43122
1.9776 3.4326
1.9776 3.43399
1.9776 3.43537
1.98 3.43676
1.98 3.43814
1.9824 3.43952
1.9824 3.44091
1.9824 3.44229
1.9848 3.44368
1.9848 3.44506
1.9872 3.44645
1.9872 3.44783
1.9872 3.44921
1.9896 3.4506
1.9896 3.45198
1.992 3.45337
1.992 3.45475
1.992 3.45614
1.9944 3.45752
1.9944 3.4589
1.9968 3.46029
1.9968 3.46167
1.9968 3.46306
1.9992 3.46444
1.9992 3.46583
2.0016 3.46721
2.0016 3.46859
2.0016 3.46998
2.004 3.47136
2.004 3.47275
2.004 3.47413
2.0064 3.47551
2.0064 3.4769
2.0088 3.47828
2.0088 3.47967
2.0112 3.48105
2.0112 3.48244
2.0112 3.48382
2.0136 3.4852
2.0136 3.48659
2.016 3.48797
2.016 3.48936
2.016 3.49074
2.0184 3.49213
2.0184 3.49351
2.0208 3.49489
2.0208 3.49628
2.0208 3.49766
2.0232 3.49905
2.0232 3.50043
2.0256 3.50182
2.0256 3.5032
2.028 3.50458
2.028 3.50597
2.028 3.50735
2.0304 3.50874
2.0304 3.51012
2.0304 3.51151
2.0328 3.51289
2.0328 3.51427
2.0352 3.51566
2.0352 3.51704
2.0376 3.51843
2.0376 3.51981
2.0376 3.5212
2.04 3.52258
2.04 3.52396
2.0424 3.52535
2.0424 3.52673
2.0424 3.52812
2.0448 3.5295
2.0448 3.53089
2.0472 3.53227
2.0472 3.53365
2.0472 3.53504
2.0496 3.53642
2.0496 3.53781
2.052 3.53919
2.052 3.54058
2.0544 3.54196
2.0544 3.54334
2.0544 3.54473
2.0568 3.54611
2.0568 3.5475
2.0592 3.54888
2.0592 3.55027
2.0592 3.55165
2.0616 3.55303
2.0616 3.55442
2.064 3.5558
2.064 3.55719
2.0664 3.55857
2.0664 3.55996
2.0688 3.56134
2.0688 3.56272
2.0712 3.56411
2.0712 3.56549
2.0712 3.56688
2.0736 3.56826
2.0736 3.56965
2.076 3.57103
2.076 3.57241
2.076 3.5738
2.0784 3.57518
2.0784 3.57657
2.0808 3.57795
2.0808 3.57934
2.0832 3.58072
2.0832 3.5821
2.0832 3.58349
2.0856 3.58487
2.088 3.58626
2.088 3.58764
2.088 3.58903
2.0904 3.59041
2.0904 3.59179
2.0904 3.59318
2.0928 3.59456
2.0952 3.59595
2.0952 3.59733
2.0952 3.59872
2.0976 3.6001
2.0976 3.60148
2.1 3.60287
2.1 3.60425
2.1024 3.60564
2.1024 3.60702
2.1024 3.60841
2.1048 3.60979
2.1048 3.61117
2.1072 3.61256
2.1072 3.61394
2.1096 3.61533
2.1096 3.61671
2.1096 3.6181
2.112 3.61948
2.112 3.62086
2.1144 3.62225
2.1144 3.62363
2.1168 3.62502
2.1168 3.6264
2.1192 3.62779
2.1192 3.62917
2.1216 3.63055
2.1216 3.63194
2.1216 3.63332
2.124 3.63471
2.124 3.63609
2.1264 3.63748
2.1264 3.63886
2.1288 3.64024
2.1288 3.64163
2.1312 3.64301
2.1312 3.6444
2.1336 3.64578
2.1336 3.64717
2.1336 3.64855
2.136 3.64993
2.136 3.65132
2.1384 3.6527
2.1384 3.65409
2.1384 3.65547
2.1408 3.65685
2.1432 3.65824
2.1432 3.65962
2.1432 3.66101
2.1456 3.66239
2.1456 3.66378
2.148 3.66516
2.148 3.66654
2.1504 3.66793
2.1504 3.66931
2.1528 3.6707
2.1528 3.67208
2.1528 3.67347
2.1552 3.67485
2.1552 3.67623
2.1576 3.67762
2.1576 3.679
2.16 3.68039
2.16 3.68177
2.1624 3.68316
2.1624 3.68454
2.1648 3.68592
2.1648 3.68731
2.1672 3.68869
2.1672 3.69008
2.1672 3.69146
2.1696 3.69285
2.1696 3.69423
2.172 3.69561
2.172 3.697
2.1744 3.69838
2.1744 3.69977
2.1768 3.70115
2.1768 3.70254
2.1792 3.70392
2.1792 3.7053
2.1816 3.70669
2.1816 3.70807
2.184 3.70946
2.184 3.71084
2.1864 3.71223
2.1864 3.71361
2.1888 3.71499
2.1888 3.71638
2.1888 3.71776
2.1912 3.71915
2.1912 3.72053
2.1936 3.72192
2.1936 3.7233
2.196 3.72468
2.196 3.72607
2.1984 3.72745
2.1984 3.72884
2.2008 3.73022
2.2008 3.73161
2.2032 3.73299
2.2032 3.73437
2.2056 3.73576
2.2056 3.73714
2.208 3.73853
2.208 3.73991
2.208 3.7413
2.2104 3.74268
2.2104 3.74406
2.2128 3.74545
2.2128 3.74683
2.2152 3.74822
2.2152 3.7496
2.2176 3.75099
2.22 3.75237
2.22 3.75375
2.22 3.75514
2.2224 3.75652
2.2224 3.75791
2.2248 3.75929
2.2248 3.76068
2.2272 3.76206
2.2272 3.76344
2.2296 3.76483
2.2296 3.76621
2.232 3.7676
2.232 3.76898
2.2344 3.77037
2.2344 3.77175
2.2368 3.77313
2.2368 3.77452
2.2392 3.7759
2.2392 3.77729
2.2416 3.77867
2.2416 3.78006
2.244 3.78144
2.244 3.78282
2.2464 3.78421
2.2464 3.78559
2.2488 3.78698
2.2488 3.78836
2.2512 3.78975
2.2512 3.79113
2.2536 3.79251
2.2536 3.7939
2.256 3.79528
2.256 3.79667
2.2584 3.79805
2.2584 3.79944
2.2608 3.80082
2.2608 3.8022
2.2632 3.80359
2.2632 3.80497
2.2656 3.80636
2.2656 3.80774
2.268 3.80913
2.268 3.81051
2.2704 3.81189
2.2704 3.81328
2.2728 3.81466
2.2728 3.81605
2.2752 3.81743
2.2752 3.81882
2.2776 3.8202
2.2776 3.82158
2.28 3.82297
2.28 3.82435
2.2824 3.82574
2.2824 3.82712
2.2848 3.8285
2.2848 3.82989
2.2872 3.83127
2.2872 3.83266
2.2896 3.83404
2.2896 3.83543
2.292 3.83681
2.2944 3.83819
2.2944 3.83958
2.2944 3.84096
2.2968 3.84235
2.2968 3.84373
2.2992 3.84512
2.3016 3.8465
2.3016 3.84788
2.3016 3.84927
2.304 3.85065
2.304 3.85204
2.3064 3.85342
2.3064 3.85481
2.3088 3.85619
2.3088 3.85757
2.3112 3.85896
2.3112 3.86034
2.3136 3.86173
2.316 3.86311
2.316 3.8645
2.3184 3.86588
2.3184 3.86726
2.3208 3.86865
2.3208 3.87003
2.3232 3.87142
2.3232 3.8728
2.3256 3.87419
2.3256 3.87557
2.328 3.87695
2.328 3.87834
2.3304 3.87972
2.3304 3.88111
2.3328 3.88249
2.3352 3.88388
2.3352 3.88526
2.3376 3.88664
2.3376 3.88803
2.34 3.88941
2.34 3.8908
2.3424 3.89218
2.3424 3.89357
2.3448 3.89495
2.3448 3.89633
2.3472 3.89772
2.3496 3.8991
2.3496 3.90049
2.352 3.90187
2.352 3.90326
2.3544 3.90464
2.3544 3.90602
2.3568 3.90741
2.3568 3.90879
2.3592 3.91018
2.3592 3.91156
2.3616 3.91295
2.364 3.91433
2.364 3.91571
2.3664 3.9171
2.3664 3.91848
2.3688 3.91987
2.3688 3.92125
2.3712 3.92264
2.3712 3.92402
2.3736 3.9254
2.3736 3.92679
2.376 3.92817
2.3784 3.92956
2.3784 3.93094
2.3808 3.93233
2.3808 3.93371
2.3832 3.93509
2.3832 3.93648
2.3856 3.93786
2.388 3.93925
2.388 3.94063
2.3904 3.94202
2.3904 3.9434
2.3928 3.94478
2.3952 3.94617
2.3952 3.94755
2.3976 3.94894
2.4 3.95032
2.4 3.95171
2.4024 3.95309
2.4024 3.95447
2.4048 3.95586
2.4048 3.95724
2.4072 3.95863
2.4072 3.96001
2.4096 3.9614
2.412 3.96278
2.412 3.96416
2.4144 3.96555
2.4144 3.96693
2.4168 3.96832
2.4168 3.9697
2.4192 3.97109
2.4216 3.97247
2.4216 3.97385
2.424 3.97524
2.424 3.97662
2.4264 3.97801
2.4288 3.97939
2.4288 3.98078
2.4288 3.98216
2.4312 3.98354
2.4312 3.98493
2.4336 3.98631
2.436 3.9877
2.436 3.98908
2.4384 3.99047
2.4384 3.99185
2.4408 3.99323
2.4432 3.99462
2.4432 3.996
2.4456 3.99739
2.4456 3.99877
2.448 4.00016
2.4504 4.00154
2.4504 4.00292
2.4528 4.00431
2.4528 4.00569
2.4552 4.00708
2.4576 4.00846
2.4576 4.00984
2.46 4.01123
2.46 4.01261
2.4624 4.014
2.4648 4.01538
2.4648 4.01677
2.4672 4.01815
2.4696 4.01953
2.4696 4.02092
2.472 4.0223
2.472 4.02369
2.4744 4.02507
2.4744 4.02646
2.4768 4.02784
2.4792 4.02922
2.4792 4.03061
2.4816 4.03199
2.484 4.03338
2.484 4.03476
2.4864 4.03615
2.4864 4.03753
2.4888 4.03891
2.4912 4.0403
2.4912 4.04168
2.4936 4.04307
2.4936 4.04445
2.496 4.04584
2.4984 4.04722
2.4984 4.0486
2.5008 4.04999
2.5032 4.05137
2.5032 4.05276
2.5056 4.05414
2.508 4.05553
2.508 4.05691
2.5104 4.05829
2.5104 4.05968
2.5128 4.06106
2.5152 4.06245
2.5152 4.06383
2.5176 4.06522
2.5176 4.0666
2.52 4.06798
2.5224 4.06937
2.5248 4.07075
2.5272 4.07214
2.5272 4.07352
2.5296 4.07491
2.5296 4.07629
2.532 4.07767
2.5344 4.07906
2.5344 4.08044
2.5368 4.08183
2.5392 4.08321
2.5416 4.0846
2.5416 4.08598
2.544 4.08736
2.544 4.08875
2.5464 4.09013
2.5488 4.09152
2.5488 4.0929
2.5512 4.09429
2.5536 4.09567
2.5536 4.09705
2.556 4.09844
2.5584 4.09982
2.5584 4.10121
2.5608 4.10259
2.5632 4.10398
2.5632 4.10536
2.5656 4.10674
2.568 4.10813
2.568 4.10951
2.5704 4.1109
2.5728 4.11228
2.5728 4.11367
2.5752 4.11505
2.5776 4.11643
2.5776 4.11782
2.58 4.1192
2.5824 4.12059
2.5824 4.12197
2.5848 4.12336
2.5872 4.12474
2.5896 4.12612
2.5896 4.12751
2.592 4.12889
2.5944 4.13028
2.5944 4.13166
2.5968 4.13305
2.5992 4.13443
2.5992 4.13581
2.6016 4.1372
2.604 4.13858
2.604 4.13997
2.6064 4.14135
2.6088 4.14274
2.6088 4.14412
2.6112 4.1455
2.6136 4.14689
2.616 4.14827
2.616 4.14966
2.6184 4.15104
2.6208 4.15243
2.6208 4.15381
2.6232 4.15519
2.6256 4.15658
2.6256 4.15796
2.628 4.15935
2.6304 4.16073
2.6328 4.16212
2.6328 4.1635
2.6352 4.16488
2.6376 4.16627
2.6376 4.16765
2.64 4.16904
2.6424 4.17042
2.6448 4.17181
2.6448 4.17319
2.6472 4.17457
2.6472 4.17596
2.6496 4.17734
2.652 4.17873
2.6544 4.18011
2.6568 4.1815
2.6568 4.18288
2.6592 4.18426
2.6616 4.18565
2.6616 4.18703
2.664 4.18842
2.6664 4.1898
2.6664 4.19118
2.6688 4.19257
2.6712 4.19395
2.6736 4.19534
2.676 4.19672
2.676 4.19811
2.6784 4.19949
2.6808 4.20087
2.6832 4.20226
2.6832 4.20364
2.6856 4.20503
2.688 4.20641
2.688 4.2078
2.6904 4.20918
2.6928 4.21056
2.6952 4.21195
2.6976 4.21333
2.6976 4.21472
2.7 4.2161
2.7024 4.21749
2.7048 4.21887
2.7072 4.22025
2.7096 4.22164
2.712 4.22302
2.712 4.22441
2.7144 4.22579
2.7168 4.22718
2.7168 4.22856
2.7192 4.22994
2.7216 4.23133
2.724 4.23271
2.724 4.2341
2.7264 4.23548
2.7288 4.23687
2.7288 4.23825
2.7312 4.23963
2.7336 4.24102
2.736 4.2424
2.736 4.24379
2.7384 4.24517
2.7408 4.24656
2.7432 4.24794
2.7456 4.24932
2.7456 4.25071
2.748 4.25209
2.7504 4.25348
2.7528 4.25486
2.7552 4.25625
2.7552 4.25763
2.7576 4.25901
2.76 4.2604
2.7624 4.26178
2.7648 4.26317
2.7672 4.26455
2.7672 4.26594
2.7696 4.26732
2.7744 4.2687
2.7768 4.27009
2.7768 4.27147
2.7792 4.27286
2.7816 4.27424
2.784 4.27563
2.784 4.27701
2.7864 4.27839
2.7888 4.27978
2.7912 4.28116
2.7936 4.28255
2.796 4.28393
2.7984 4.28532
2.8008 4.2867
2.8008 4.28808
2.8032 4.28947
2.8056 4.29085
2.808 4.29224
2.8104 4.29362
2.8128 4.29501
2.8128 4.29639
2.8152 4.29777
2.8176 4.29916
2.82 4.30054
2.8224 4.30193
2.8248 4.30331
2.8272 4.3047
2.8296 4.30608
2.8296 4.30746
2.8344 4.30885
2.8344 4.31023
2.8368 4.31162
2.8392 4.313
2.8416 4.31439
2.844 4.31577
2.8464 4.31715
2.8488 4.31854
2.8488 4.31992
2.8512 4.32131
2.8536 4.32269
2.856 4.32408
2.8584 4.32546
2.8608 4.32684
2.8608 4.32823
2.8656 4.32961
2.8656 4.331
2.868 4.33238
2.8704 4.33377
2.8728 4.33515
2.8752 4.33653
2.8776 4.33792
2.88 4.3393
2.88 4.34069
2.8824 4.34207
2.8848 4.34346
2.8872 4.34484
2.8896 4.34622
2.892 4.34761
2.8944 4.34899
2.8944 4.35038
2.8968 4.35176
2.9016 4.35315
2.9016 4.35453
2.904 4.35591
2.9064 4.3573
2.9112 4.35868
2.9136 4.36007
2.916 4.36145
2.9184 4.36283
2.9208 4.36422
2.9232 4.3656
2.9256 4.36699
2.928 4.36837
2.9304 4.36976
2.9304 4.37114
2.9328 4.37252
2.9376 4.37391
2.9376 4.37529
2.9424 4.37668
2.9424 4.37806
2.9448 4.37945
2.9472 4.38083
2.9496 4.38221
2.952 4.3836
2.9544 4.38498
2.9568 4.38637
2.9592 4.38775
2.9616 4.38914
2.964 4.39052
2.9664 4.3919
2.9688 4.39329
2.9712 4.39467
2.9736 4.39606
2.976 4.39744
2.9784 4.39883
2.9808 4.40021
2.9832 4.40159
2.9856 4.40298
2.988 4.40436
2.9904 4.40575
2.9928 4.40713
2.9952 4.40852
2.9976 4.4099
3 4.41128
3.0024 4.41267
3.0048 4.41405
3.0072 4.41544
3.0096 4.41682
3.012 4.41821
3.0144 4.41959
3.0168 4.42097
3.0192 4.42236
3.0216 4.42374
3.0264 4.42513
3.0288 4.42651
3.0312 4.4279
3.0336 4.42928
3.036 4.43066
3.0384 4.43205
3.0408 4.43343
3.0432 4.43482
3.048 4.4362
3.048 4.43759
3.0528 4.43897
3.0552 4.44035
3.0576 4.44174
3.06 4.44312
3.0624 4.44451
3.0648 4.44589
3.0672 4.44728
3.0696 4.44866
3.072 4.45004
3.0768 4.45143
3.0768 4.45281
3.0816 4.4542
3.084 4.45558
3.0864 4.45697
3.0888 4.45835
3.0912 4.45973
3.0936 4.46112
3.096 4.4625
3.0984 4.46389
3.1008 4.46527
3.1032 4.46666
3.108 4.46804
3.1104 4.46942
3.1128 4.47081
3.1152 4.47219
3.1176 4.47358
3.1224 4.47496
3.1248 4.47635
3.1272 4.47773
3.1296 4.47911
3.132 4.4805
3.1344 4.48188
3.1368 4.48327
3.1392 4.48465
3.1416 4.48604
3.144 4.48742
3.1488 4.4888
3.1512 4.49019
3.1536 4.49157
3.156 4.49296
3.1584 4.49434
3.1608 4.49573
3.1656 4.49711
3.168 4.49849
3.1704 4.49988
3.1752 4.50126
3.1752 4.50265
3.18 4.50403
3.1824 4.50542
3.1848 4.5068
3.1896 4.50818
3.192 4.50957
3.1944 4.51095
3.1968 4.51234
3.1992 4.51372
3.2016 4.51511
3.2064 4.51649
3.2088 4.51787
3.2112 4.51926
3.216 4.52064
3.2184 4.52203
3.2208 4.52341
3.2256 4.5248
3.228 4.52618
3.2304 4.52756
3.2328 4.52895
3.2376 4.53033
3.24 4.53172
3.2448 4.5331
3.2472 4.53449
3.2496 4.53587
3.252 4.53725
3.2568 4.53864
3.2592 4.54002
3.264 4.54141
3.2664 4.54279
3.2688 4.54417
3.2736 4.54556
3.276 4.54694
3.2784 4.54833
3.2808 4.54971
3.2856 4.5511
3.288 4.55248
3.2928 4.55386
3.2928 4.55525
3.2976 4.55663
3.3 4.55802
3.3048 4.5594
3.3072 4.56079
3.3096 4.56217
3.3144 4.56355
3.3168 4.56494
3.3192 4.56632
3.3216 4.56771
3.3264 4.56909
3.3288 4.57048
3.3336 4.57186
3.336 4.57324
3.3408 4.57463
3.3432 4.57601
3.3456 4.5774
3.3504 4.57878
3.3528 4.58017
3.3576 4.58155
3.36 4.58293
3.3624 4.58432
3.3672 4.5857
3.3696 4.58709
3.3744 4.58847
3.3768 4.58986
3.3816 4.59124
3.384 4.59262
3.3888 4.59401
3.3912 4.59539
3.3936 4.59678
3.3984 4.59816
3.4008 4.59955
3.4056 4.60093
3.408 4.60231
3.4128 4.6037
3.4152 4.60508
3.42 4.60647
3.4248 4.60785
3.4272 4.60924
3.432 4.61062
3.4344 4.612
3.4392 4.61339
3.4416 4.61477
3.4464 4.61616
3.4512 4.61754
3.4536 4.61893
3.456 4.62031
3.4632 4.62169
3.4656 4.62308
3.468 4.62446
3.4728 4.62585
3.4752 4.62723
3.48 4.62862
3.4824 4.63
3.4872 4.63138
3.4896 4.63277
3.4944 4.63415
3.4992 4.63554
3.504 4.63692
3.5064 4.63831
3.5088 4.63969
3.5136 4.64107
3.5184 4.64246
3.5208 4.64384
3.5256 4.64523
3.528 4.64661
3.5328 4.648
3.5376 4.64938
3.5424 4.65076
3.5448 4.65215
3.5496 4.65353
3.552 4.65492
3.5568 4.6563
3.5592 4.65769
3.564 4.65907
3.5688 4.66045
3.5736 4.66184
3.5784 4.66322
3.5808 4.66461
3.5832 4.66599
3.5904 4.66738
3.5928 4.66876
3.5976 4.67014
3.6024 4.67153
3.6048 4.67291
3.6096 4.6743
3.6144 4.67568
3.6168 4.67707
3.6216 4.67845
3.624 4.67983
3.6288 4.68122
3.6336 4.6826
3.6384 4.68399
3.6408 4.68537
3.6456 4.68676
3.6504 4.68814
3.6528 4.68952
3.6576 4.69091
3.6624 4.69229
3.6672 4.69368
3.6696 4.69506
3.6768 4.69645
3.6816 4.69783
3.684 4.69921
3.6888 4.7006
3.6936 4.70198
3.6984 4.70337
3.7008 4.70475
3.7056 4.70614
3.7104 4.70752
3.7152 4.7089
3.72 4.71029
3.7224 4.71167
3.7296 4.71306
3.7344 4.71444
3.7392 4.71583
3.744 4.71721
3.7464 4.71859
3.7536 4.71998
3.7584 4.72136
3.7632 4.72275
3.768 4.72413
3.7704 4.72551
3.7776 4.7269
3.78 4.72828
3.7848 4.72967
3.7896 4.73105
3.7944 4.73244
3.7992 4.73382
3.8016 4.7352
3.8088 4.73659
3.8136 4.73797
3.816 4.73936
3.8208 4.74074
3.8256 4.74213
3.828 4.74351
3.8352 4.74489
3.84 4.74628
3.8448 4.74766
3.8496 4.74905
3.852 4.75043
3.8568 4.75182
3.8616 4.7532
3.8688 4.75458
3.8736 4.75597
3.8808 4.75735
3.8832 4.75874
3.8904 4.76012
3.8952 4.76151
3.9 4.76289
3.9048 4.76427
3.9096 4.76566
3.9144 4.76704
3.9192 4.76843
3.924 4.76981
3.9288 4.7712
3.9336 4.77258
3.9384 4.77396
3.9432 4.77535
3.948 4.77673
3.9528 4.77812
3.9576 4.7795
3.9624 4.78089
3.9672 4.78227
3.972 4.78365
3.9768 4.78504
3.9816 4.78642
3.984 4.78781
3.9888 4.78919
3.996 4.79058
4.0008 4.79196
4.0056 4.79334
4.0104 4.79473
4.0152 4.79611
4.02 4.7975
4.0224 4.79611
4.0248 4.7975
4.032 4.79888
4.0344 4.80027
4.0392 4.80165
4.044 4.80303
4.0512 4.80442
4.0536 4.8058
4.0608 4.80719
4.0656 4.80857
4.068 4.80996
4.0728 4.81134
4.0776 4.81272
4.0848 4.81411
4.0872 4.81549
4.092 4.81688
4.0968 4.81826
4.1016 4.81965
4.1136 4.82103
4.1184 4.82241
4.1232 4.8238
4.1304 4.82518
4.1352 4.82657
4.14 4.82795
4.1448 4.82934
4.1496 4.83072
4.1544 4.8321
4.1616 4.83349
4.1664 4.83487
4.1712 4.83626
4.176 4.83764
4.1808 4.83903
4.1856 4.84041
4.1904 4.84179
4.1952 4.84318
4.2024 4.84456
4.2048 4.84595
4.2096 4.84733
4.2144 4.84872
4.2192 4.8501
4.2264 4.85148
4.2312 4.85287
4.236 4.85425
4.2432 4.85564
4.2456 4.85702
4.2528 4.85841
4.2576 4.85979
4.2624 4.86117
4.2696 4.86256
4.2744 4.86394
4.2816 4.86533
4.2864 4.86671
4.2936 4.8681
4.296 4.86948
4.3032 4.87086
4.308 4.87225
4.3128 4.87363
4.3248 4.87502
4.3296 4.8764
4.3368 4.87779
4.3392 4.87917
4.3464 4.88055
4.3488 4.88194
4.3536 4.88332
4.3608 4.88471
4.368 4.88609
4.3704 4.88748
4.3776 4.88886
4.38 4.89024
4.3872 4.89163
4.3944 4.89301
4.4016 4.8944
4.4088 4.89578
4.4112 4.89717
4.4136 4.89578
4.4136 4.89717
4.4184 4.89855
4.4256 4.89993
4.4304 4.90132
4.4352 4.9027
4.4424 4.90409
4.4472 4.90547
4.452 4.90685
4.4592 4.90824
4.4616 4.90962
4.4664 4.91101
4.4736 4.91239
4.4784 4.91378
4.4832 4.91516
4.488 4.91654
4.4952 4.91793
4.5 4.91931
4.5048 4.9207
4.512 4.92208
4.5168 4.92347
4.524 4.92485
4.5288 4.92623
4.536 4.92762
4.5408 4.929
4.5456 4.93039
4.5528 4.93177
4.5576 4.93316
4.5672 4.93454
4.5744 4.93592
4.5792 4.93731
4.5864 4.93869
4.5888 4.94008
4.596 4.94146
4.6008 4.94285
4.608 4.94423
4.6128 4.94561
4.6176 4.947
4.6248 4.94838
4.6296 4.94977
4.6344 4.95115
4.6416 4.95254
4.644 4.95392
4.6512 4.9553
4.656 4.95669
4.6632 4.95807
4.668 4.95946
4.6752 4.96084
4.68 4.96223
4.6872 4.96361
4.692 4.96499
4.6992 4.96638
4.704 4.96776
4.7112 4.96915
4.716 4.97053
4.7232 4.97192
4.728 4.9733
4.7352 4.97468
4.74 4.97607
4.7448 4.97745
4.7544 4.97884
4.7592 4.98022
4.7688 4.98161
4.776 4.98299
4.7784 4.98437
4.7856 4.98576
4.7904 4.98714
4.7952 4.98853
4.8024 4.98991
4.8096 4.9913
4.8144 4.99268
4.8216 4.99406
4.8264 4.99545
4.8336 4.99683
4.836 4.99822
4.8408 4.9996
4.848 5.00099
4.8552 5.00237
4.86 5.00375
4.8648 5.00514
4.8768 5.00652
4.8816 5.00791
4.8888 5.00929
4.8888 5.00791
4.8912 5.00929
4.8936 5.01068
4.8984 5.01206
4.9056 5.01344
4.9104 5.01483
4.9152 5.01621
4.9224 5.0176
4.9272 5.01898
4.9344 5.02037
4.9392 5.02175
4.9464 5.02313
4.9512 5.02452
4.956 5.0259
4.9632 5.02729
4.968 5.02867
4.9776 5.03006
4.9824 5.03144
4.9896 5.03282
4.9944 5.03421
5.0016 5.03559
5.0088 5.03698
5.0136 5.03836
5.016 5.03698
5.016 5.03836
5.0208 5.03975
5.028 5.04113
5.0328 5.04251
5.04 5.0439
5.0448 5.04528
5.052 5.04667
5.052 5.04528
5.052 5.04667
5.0568 5.04805
5.064 5.04944
5.0688 5.05082
5.076 5.0522
5.0808 5.05359
5.088 5.05497
5.0928 5.05636
5.0976 5.05774
5.1024 5.05913
5.1072 5.06051
5.1144 5.06189
5.1192 5.06328
5.1264 5.06466
5.1336 5.06605
5.1408 5.06743
5.1432 5.06882
5.1456 5.06743
5.1504 5.06882
5.1552 5.0702
5.1624 5.07158
5.1696 5.07297
5.1744 5.07435
5.1792 5.07574
5.1864 5.07712
5.1936 5.0785
5.2008 5.07989
5.2056 5.08127
5.2128 5.08266
5.22 5.08404
5.2248 5.08543
5.232 5.08681
5.2368 5.08819
5.2416 5.08958
5.2488 5.09096
5.2536 5.09235
5.2608 5.09373
5.2632 5.09512
5.2704 5.0965
5.2776 5.09788
5.28 5.09927
5.2872 5.10065
5.2944 5.10204
5.3016 5.10342
5.3064 5.10481
5.3184 5.10619
5.3232 5.10757
5.3256 5.10896
5.3304 5.11034
5.34 5.11173
5.3448 5.11311
5.3496 5.1145
5.3568 5.11588
5.364 5.11726
5.3688 5.11865
5.376 5.12003
5.3832 5.12142
5.3928 5.1228
5.3976 5.12419
5.4048 5.12557
5.412 5.12695
5.4192 5.12834
5.424 5.12972
5.4312 5.13111
5.436 5.13249
5.4432 5.13388
5.4504 5.13526
5.4552 5.13664
5.4624 5.13803
5.4696 5.13941
5.4744 5.1408
5.4816 5.14218
5.4888 5.14357
5.4936 5.14495
5.5008 5.14633
5.5032 5.14772
5.5104 5.1491
5.52 5.15049
5.5272 5.15187
5.532 5.15326
5.5392 5.15464
5.5464 5.15602
5.5512 5.15741
5.5536 5.15602
5.5536 5.15741
5.5608 5.15879
5.5656 5.16018
5.5704 5.16156
5.5752 5.16295
5.5824 5.16433
5.5896 5.16571
5.5944 5.1671
5.6016 5.16848
5.6088 5.16987
5.616 5.17125
5.6208 5.17264
5.628 5.17402
5.6352 5.1754
5.64 5.17679
5.6424 5.17817
5.6496 5.17956
5.6568 5.18094
5.6616 5.18233
5.6616 5.18094
5.664 5.18233
5.6688 5.18371
5.676 5.18509
5.688 5.18648
5.6928 5.18786
5.7 5.18925
5.7072 5.19063
5.712 5.19202
5.7192 5.1934
5.7264 5.19478
5.7312 5.19617
5.7384 5.19755
5.7432 5.19894
5.748 5.20032
5.7528 5.20171
5.76 5.20309
5.7648 5.20447
5.772 5.20586
5.7768 5.20724
5.784 5.20863
5.7936 5.21001
5.7984 5.2114
5.8056 5.21278
5.8128 5.21416
5.82 5.21555
5.8248 5.21693
5.832 5.21832
5.8416 5.2197
5.8464 5.22109
5.8536 5.22247
5.8632 5.22385
5.868 5.22524
5.8752 5.22662
5.88 5.22801
5.8872 5.22939
5.8944 5.23078
5.9016 5.23216
5.904 5.23354
5.9064 5.23216
5.9064 5.23354
5.9136 5.23493
5.9184 5.23631
5.9256 5.2377
5.9304 5.23908
5.9352 5.24047
5.9424 5.24185
5.9496 5.24323
5.9544 5.24462
5.9616 5.246
5.9688 5.24739
5.976 5.24877
5.9832 5.25016
5.9904 5.25154
5.9952 5.25292
6.0024 5.25431
6.0096 5.25569
6.0144 5.25708
6.0216 5.25846
6.0288 5.25984
6.0384 5.26123
6.0432 5.26261
6.0504 5.264
6.0576 5.26538
6.0648 5.26677
6.0696 5.26815
6.0768 5.26953
6.0864 5.27092
6.0912 5.2723
6.0984 5.27369
6.1032 5.27507
6.1104 5.27646
6.1128 5.27784
6.12 5.27922
6.1272 5.28061
6.1344 5.28199
6.1416 5.28338
6.1512 5.28476
6.1584 5.28615
6.1656 5.28753
6.1728 5.28891
6.1776 5.2903
6.1824 5.29168
6.1872 5.29307
6.1944 5.29445
6.2016 5.29584
6.2064 5.29722
6.2136 5.2986
6.2232 5.29999
6.2304 5.30137
6.2376 5.30276
6.2472 5.30414
6.2496 5.30553
6.2592 5.30691
6.264 5.30829
6.2712 5.30968
6.276 5.31106
6.276 5.30968
6.2784 5.31106
6.2856 5.31245
6.2904 5.31383
6.2976 5.31522
6.3024 5.3166
6.3096 5.31798
6.3168 5.31937
6.3216 5.32075
6.3288 5.32214
6.336 5.32352
6.3408 5.32491
6.348 5.32629
6.3528 5.32767
6.36 5.32906
6.3672 5.33044
6.3744 5.33183
6.384 5.33321
6.3912 5.3346
6.3936 5.33321
6.396 5.3346
6.4008 5.33598
6.4056 5.33736
6.4152 5.33875
6.42 5.34013
6.4272 5.34152
6.4344 5.3429
6.4416 5.34429
6.4488 5.34567
6.4536 5.34705
6.4608 5.34844
6.4656 5.34982
6.4752 5.35121
6.48 5.35259
6.4872 5.35398
6.4944 5.35536
6.5016 5.35674
6.5064 5.35813
6.5112 5.35951
6.5184 5.3609
6.5256 5.36228
6.5304 5.36367
6.5376 5.36505
6.5448 5.36643
6.5544 5.36782
6.564 5.3692
6.5712 5.37059
6.5784 5.37197
6.5832 5.37336
6.5904 5.37474
6.5976 5.37612
6.6048 5.37751
6.612 5.37889
6.6168 5.38028
6.6264 5.38166
6.6336 5.38305
6.6408 5.38443
6.6456 5.38581
6.6528 5.3872
6.6552 5.38581
6.6552 5.3872
6.6576 5.38858
6.6648 5.38997
6.672 5.39135
6.6792 5.39274
6.6864 5.39412
6.6936 5.3955
6.7008 5.39689
6.7056 5.39827
6.7128 5.39966
6.7176 5.40104
6.7248 5.40243
6.732 5.40381
6.7392 5.40519
6.7464 5.40658
6.7536 5.40796
6.7656 5.40935
6.7728 5.41073
6.78 5.41212
6.7848 5.4135
6.7944 5.41488
6.7992 5.41627
6.8064 5.41765
6.8136 5.41904
6.8208 5.42042
6.8232 5.42181
6.8256 5.42042
6.8256 5.42181
6.8328 5.42319
6.8424 5.42457
6.8448 5.42596
6.852 5.42734
6.8592 5.42873
6.8664 5.43011
6.8736 5.4315
6.8808 5.43288
6.888 5.43426
6.8952 5.43565
6.9048 5.43703
6.912 5.43842
6.924 5.4398
6.9264 5.44118
6.936 5.44257
6.9408 5.44395
6.948 5.44534
6.9552 5.44672
6.9648 5.44811
6.9672 5.44949
6.9696 5.44811
6.972 5.44949
6.9768 5.45087
6.9816 5.45226
6.9864 5.45364
6.996 5.45503
7.0032 5.45641
7.0104 5.4578
7.0176 5.45918
7.0272 5.46056
7.0368 5.46195
7.0464 5.46333
7.0512 5.46472
7.0536 5.46333
7.0536 5.46472
7.0584 5.4661
7.068 5.46749
7.0728 5.46887
7.0824 5.47025
7.0896 5.47164
7.0968 5.47302
7.1016 5.47441
7.1088 5.47579
7.116 5.47718
7.116 5.47579
7.116 5.47718
7.1232 5.47856
7.1304 5.47994
7.1376 5.48133
7.1448 5.48271
7.1544 5.4841
7.1568 5.48548
7.1616 5.48687
7.164 5.48548
7.164 5.48687
7.1712 5.48825
7.1784 5.48963
7.1832 5.49102
7.1928 5.4924
7.2 5.49379
7.2072 5.49517
7.2144 5.49656
7.2216 5.49794
7.2312 5.49932
7.2384 5.50071
7.2456 5.50209
7.2552 5.50348
7.2624 5.50486
7.272 5.50625
7.2768 5.50763
7.2768 5.50625
7.2792 5.50763
7.284 5.50901
7.2912 5.5104
7.3008 5.51178
7.308 5.51317
7.3128 5.51455
7.3176 5.51594
7.3248 5.51732
7.3344 5.5187
7.3416 5.52009
7.3488 5.52147
7.356 5.52286
7.3632 5.52424
7.3728 5.52563
7.3824 5.52701
7.3896 5.52839
7.3992 5.52978
7.404 5.53116
7.4136 5.53255
7.4232 5.53393
7.4304 5.53532
7.4352 5.5367
7.44 5.53808
7.4496 5.53947
7.4568 5.54085
7.4616 5.54224
7.4688 5.54362
7.476 5.54501
7.4832 5.54639
7.4904 5.54777
7.4976 5.54916
7.5048 5.55054
7.512 5.55193
7.524 5.55331
7.5312 5.5547
7.5384 5.55608
7.548 5.55746
7.5552 5.55885
7.5648 5.56023
7.5744 5.56162
7.5816 5.563
7.5888 5.56439
7.5936 5.56577
7.5936 5.56439
7.596 5.56577
7.6032 5.56715
7.6104 5.56854
7.6176 5.56992
7.6248 5.57131
7.632 5.57269
7.6368 5.57408
7.6464 5.57546
7.656 5.57684
7.6632 5.57823
7.6704 5.57961
7.6776 5.581
7.6872 5.58238
7.6944 5.58377
7.6992 5.58515
7.7064 5.58653
7.716 5.58792
7.7208 5.5893
7.728 5.59069
7.7352 5.59207
7.7424 5.59346
7.752 5.59484
7.7592 5.59622
7.7664 5.59761
7.776 5.59899
7.7832 5.60038
7.788 5.59899
7.7904 5.60038
7.7976 5.60176
7.8048 5.60315
7.8144 5.60453
7.824 5.60591
7.8312 5.6073
7.8384 5.60868
7.8456 5.61007
7.8504 5.61145
7.8576 5.61283
7.8648 5.61422
7.872 5.6156
7.872 5.61422
7.872 5.6156
7.8816 5.61699
7.884 5.61837
7.8912 5.61976
7.9008 5.62114
7.908 5.62252
7.9152 5.62391
7.9152 5.62252
7.92 5.62391
7.9272 5.62529
7.9344 5.62668
7.9416 5.62806
7.9512 5.62945
7.9608 5.63083
7.968 5.63221
7.9776 5.6336
7.9872 5.63498
7.9944 5.63637
8.004 5.63775
8.0064 5.63637
8.0088 5.63775
8.016 5.63914
8.0232 5.64052
8.0304 5.6419
8.0376 5.64329
8.0376 5.6419
8.0376 5.64329
8.0472 5.64467
8.0544 5.64606
8.0616 5.64744
8.0664 5.64883
8.0712 5.65021
8.0784 5.65159
8.088 5.65298
8.0952 5.65436
8.0952 5.65298
8.0976 5.65436
8.1048 5.65575
8.1144 5.65713
8.1216 5.65852
8.1384 5.6599
8.148 5.66128
8.148 5.66267
8.16 5.66405
8.1672 5.66544
8.1696 5.66682
8.1792 5.66821
8.1864 5.66959
8.2056 5.67097
8.2128 5.67236
8.2224 5.67374
8.232 5.67513
8.2368 5.67651
8.2488 5.6779
8.256 5.67928
8.2632 5.68066
8.2704 5.68205
8.28 5.68343
8.2848 5.68482
8.2968 5.6862
8.304 5.68759
8.3112 5.68897
8.316 5.69035
8.328 5.69174
8.3352 5.69312
8.3424 5.69451
8.352 5.69589
8.3568 5.69728
8.3664 5.69866
8.3736 5.70004
8.3808 5.70143
8.3904 5.70281
8.3904 5.70143
8.3952 5.70281
8.4072 5.7042
8.4168 5.70558
8.4264 5.70697
8.4336 5.70835
8.4432 5.70973
8.4528 5.71112
8.46 5.7125
8.472 5.71389
8.4792 5.71527
8.4888 5.71666
8.496 5.71804
8.5032 5.71942
8.5104 5.72081
8.5152 5.72219
8.5248 5.72358
8.5344 5.72496
8.5416 5.72635
8.5512 5.72773
8.5536 5.72635
8.556 5.72773
8.5656 5.72911
8.5752 5.7305
8.5872 5.73188
8.5944 5.73327
8.604 5.73465
8.6136 5.73604
8.6232 5.73742
8.628 5.7388
8.6328 5.74019
8.6424 5.74157
8.6496 5.74296
8.6568 5.74434
8.6688 5.74573
8.6784 5.74711
8.6856 5.74849
8.6952 5.74988
8.7096 5.75126
8.7168 5.75265
8.7264 5.75403
8.736 5.75542
8.7432 5.7568
8.7552 5.75818
8.7576 5.75957
8.7576 5.75818
8.76 5.75957
8.7672 5.76095
8.7768 5.76234
8.784 5.76372
8.7936 5.76511
8.8032 5.76649
8.8128 5.76787
8.8248 5.76926
8.832 5.77064
8.844 5.77203
8.8464 5.77064
8.8488 5.77203
8.8536 5.77341
8.8536 5.77203
8.856 5.77341
8.8632 5.7748
8.8728 5.77618
8.8824 5.77756
8.8872 5.77895
8.8968 5.78033
8.9064 5.78172
8.916 5.7831
8.9208 5.78172
8.9208 5.7831
8.9304 5.78449
8.94 5.78587
8.952 5.78725
8.9592 5.78864
8.9688 5.79002
8.9688 5.78864
8.9712 5.79002
8.9808 5.79141
8.988 5.79279
8.9976 5.79417
9.0048 5.79556
9.0168 5.79694
9.024 5.79833
9.0336 5.79971
9.0408 5.8011
9.0504 5.80248
9.0576 5.80386
9.0648 5.80525
9.0744 5.80663
9.0768 5.80525
9.0792 5.80663
9.0816 5.80525
9.084 5.80663
9.0912 5.80802
9.1032 5.8094
9.1104 5.81079
9.12 5.81217
9.1272 5.81355
9.1368 5.81494
9.1392 5.81355
9.1392 5.81494
9.1488 5.81632
9.156 5.81771
9.1656 5.81909
9.1776 5.82048
9.1824 5.82186
9.192 5.82324
9.204 5.82463
9.2136 5.82601
9.2232 5.8274
9.2304 5.82878
9.24 5.83017
9.252 5.83155
9.2688 5.83293
9.2784 5.83432
9.288 5.8357
9.2976 5.83709
9.3072 5.83847
9.3168 5.83986
9.3264 5.84124
9.3312 5.84262
9.3336 5.84124
9.3336 5.84262
9.3456 5.84401
9.3552 5.84539
9.36 5.84678
9.3696 5.84816
9.384 5.84955
9.396 5.85093
9.4032 5.85231
9.4176 5.8537
9.4272 5.85508
9.4368 5.85647
9.4392 5.85508
9.4392 5.85647
9.444 5.85785
9.456 5.85924
9.4608 5.86062
9.4704 5.862
9.4824 5.86339
9.492 5.86477
9.4992 5.86616
9.5088 5.86754
9.5184 5.86893
9.5232 5.86754
9.5256 5.86893
9.5376 5.87031
9.5472 5.87169
9.5568 5.87308
9.5688 5.87446
9.5808 5.87585
9.5904 5.87723
9.5976 5.87862
9.6072 5.88
9.612 5.88138
9.6216 5.88277
9.6336 5.88415
9.6432 5.88554
9.6528 5.88692
9.6624 5.88831
9.672 5.88969
9.684 5.89107
9.684 5.88969
9.6864 5.89107
9.696 5.89246
9.7056 5.89384
9.7152 5.89523
9.7248 5.89661
9.7272 5.89523
9.7272 5.89661
9.744 5.898
9.756 5.89938
9.7656 5.90076
9.7728 5.90215
9.7824 5.90353
9.792 5.90492
9.7992 5.9063
9.8016 5.90492
9.8016 5.9063
9.8088 5.90769
9.8208 5.90907
9.8208 5.90769
9.8232 5.90907
9.8328 5.91045
9.8424 5.91184
9.852 5.91322
9.8616 5.91461
9.8712 5.91599
9.8808 5.91738
9.8928 5.91876
9.912 5.92014
9.9168 5.92153
9.9192 5.92014
9.9216 5.92153
9.9336 5.92291
9.9432 5.9243
9.9456 5.92291
9.9456 5.9243
9.9552 5.92568
9.9648 5.92707
9.9744 5.92845
9.984 5.92983
9.996 5.93122
10.0032 5.9326
10.0152 5.93399
10.0152 5.9326
10.0152 5.93399
10.0296 5.93537
10.0392 5.93676
10.044 5.93814
10.0536 5.93952
10.0656 5.94091
10.0752 5.94229
10.0872 5.94368
10.0872 5.94229
10.092 5.94368
10.104 5.94506
10.1184 5.94645
10.128 5.94783
10.1376 5.94921
10.1472 5.9506
10.1544 5.95198
10.1664 5.95337
10.176 5.95475
10.1856 5.95614
10.2072 5.95752
10.2168 5.9589
10.2264 5.96029
10.236 5.96167
10.248 5.96306
10.26 5.96444
10.2696 5.96583
10.2792 5.96721
10.2792 5.96583
10.2816 5.96721
10.2936 5.96859
10.3032 5.96998
10.3128 5.97136
10.3248 5.97275
10.332 5.97413
10.344 5.97551
10.3536 5.9769
10.3656 5.97828
10.368 5.9769
10.3728 5.97828
10.3848 5.97967
10.392 5.98105
10.4064 5.98244
10.4184 5.98382
10.428 5.9852
10.4352 5.98659
10.4448 5.98797
10.4568 5.98936
10.4688 5.99074
10.4712 5.98936
10.4712 5.99074
10.4832 5.99213
10.4928 5.99351
10.4952 5.99213
10.4976 5.99351
10.5048 5.99489
10.5168 5.99628
10.5168 5.99489
10.5192 5.99628
10.5264 5.99766
10.536 5.99905
10.5384 5.99766
10.5384 5.99905
10.5504 6.00043
10.5648 6.00182
10.5792 6.0032
10.5888 6.00458
10.6032 6.00597
10.6128 6.00735
10.6128 6.00597
10.6152 6.00735
10.6296 6.00874
10.6392 6.01012
10.6512 6.01151
10.6632 6.01289
10.6752 6.01427
10.6848 6.01566
10.6944 6.01704
10.704 6.01843
10.716 6.01981
10.728 6.0212
10.74 6.02258
10.7544 6.02396
10.764 6.02535
10.776 6.02673
10.7904 6.02812
10.8024 6.0295
10.8144 6.03089
10.8336 6.03227
10.8456 6.03365
10.8576 6.03504
10.872 6.03642
10.8744 6.03504
10.8744 6.03642
10.884 6.03781
10.8936 6.03919
10.9056 6.04058
10.9176 6.04196
10.9272 6.04334
10.9368 6.04473
10.9512 6.04611
10.9608 6.0475
10.9728 6.04888
10.9944 6.05027
11.0064 6.05165
11.016 6.05303
11.028 6.05442
11.0424 6.0558
11.0568 6.05719
11.0568 6.0558
11.0568 6.05719
11.0568 6.0558
11.0592 6.05719
11.0736 6.05857
11.0856 6.05996
11.1 6.06134
11.1144 6.06272
11.1216 6.06411
11.136 6.06549
11.148 6.06688
11.16 6.06826
11.1696 6.06965
11.1816 6.07103
11.1936 6.07241
11.208 6.0738
11.22 6.07518
11.2344 6.07657
11.2488 6.07795
11.2608 6.07934
11.2824 6.08072
11.2824 6.07934
11.2848 6.08072
11.2968 6.0821
11.3088 6.08349
11.3232 6.08487
11.3304 6.08626
11.3304 6.08487
11.3328 6.08626
11.3328 6.08487
11.3352 6.08626
11.3424 6.08764
11.3568 6.08903
11.3688 6.09041
11.3832 6.09179
11.3952 6.09318
11.4168 6.09456
11.4288 6.09595
11.4432 6.09733
11.4552 6.09872
11.4696 6.1001
11.4696 6.09872
11.472 6.1001
11.484 6.10148
11.4864 6.1001
11.4864 6.10148
11.5008 6.10287
11.508 6.10425
11.52 6.10564
11.532 6.10702
11.5536 6.10841
11.5704 6.10979
11.5824 6.11117
11.5848 6.10979
11.5848 6.11117
11.5992 6.11256
11.6136 6.11394
11.6256 6.11533
11.6376 6.11671
11.652 6.1181
11.6616 6.11948
11.6616 6.1181
11.6616 6.11948
11.6808 6.12086
11.6904 6.12225
11.7024 6.12363
11.7144 6.12502
11.7312 6.1264
11.748 6.12779
11.7672 6.12917
11.784 6.13055
11.7936 6.13194
11.8056 6.13332
11.8152 6.13471
11.8368 6.13609
11.8488 6.13748
11.8704 6.13886
11.8824 6.14024
11.8848 6.13886
11.8872 6.14024
11.9016 6.14163
11.9136 6.14301
11.9304 6.1444
11.9424 6.14578
11.9544 6.14717
11.9664 6.14855
11.9784 6.14993
11.9952 6.15132
12 6.14993
12.0024 6.15132
12.0168 6.1527
12.036 6.15409
12.048 6.15547
12.0504 6.15409
12.0528 6.15547
12.0624 6.15685
12.0648 6.15547
12.0648 6.15685
12.0816 6.15824
12.096 6.15962
12.108 6.16101
12.1128 6.16239
12.1152 6.16101
12.1152 6.16239
12.1296 6.16378
12.144 6.16516
12.144 6.16378
12.1464 6.16516
12.168 6.16654
12.1704 6.16516
12.1728 6.16654
12.1848 6.16793
12.1872 6.16654
12.1872 6.16793
12.1896 6.16654
12.192 6.16793
12.2088 6.16931
12.2208 6.1707
12.2376 6.17208
12.2544 6.17347
12.2712 6.17485
12.2856 6.17623
12.3 6.17762
12.312 6.179
12.3168 6.17762
12.3168 6.179
12.3216 6.18039
12.324 6.179
12.3264 6.18039
12.3408 6.18177
12.348 6.18316
12.3624 6.18454
12.3624 6.18316
12.3648 6.18454
12.3864 6.18592
12.4008 6.18731
12.4272 6.18869
12.4392 6.19008
12.456 6.19146
12.456 6.19008
12.456 6.19146
12.4728 6.19285
12.4752 6.19146
12.4752 6.19285
12.4944 6.19423
12.5112 6.19561
12.5232 6.197
12.5256 6.19561
12.5256 6.197
12.528 6.19561
12.528 6.197
12.5424 6.19838
12.5448 6.19977
12.5472 6.19838
12.5472 6.19977
12.564 6.20115
12.6 6.20254
12.612 6.20392
12.6168 6.20254
12.6168 6.20392
12.6336 6.2053
12.648 6.20669
12.6504 6.2053
12.6504 6.20669
12.6624 6.20807
12.6792 6.20946
12.6936 6.21084
12.6936 6.20946
12.696 6.21084
12.696 6.20946
12.6984 6.21084
12.7104 6.21223
12.7128 6.21084
12.7128 6.21223
12.7248 6.21361
12.7272 6.21223
12.7272 6.21361
12.7296 6.21223
12.7296 6.21361
12.7368 6.21499
12.7536 6.21638
12.7704 6.21776
12.7872 6.21915
12.8064 6.22053
12.84 6.22192
12.8568 6.2233
12.8736 6.22468
12.876 6.2233
12.876 6.22468
12.8904 6.22607
12.9048 6.22745
12.9288 6.22884
12.9408 6.23022
12.9504 6.23161
12.984 6.23299
12.9864 6.23161
12.9888 6.23299
13.0032 6.23437
13.0032 6.23299
13.0056 6.23437
13.02 6.23576
13.0392 6.23714
13.0536 6.23853
13.056 6.23714
13.056 6.23853
13.056 6.23714
13.0584 6.23853
13.0728 6.23991
13.0776 6.2413
13.1016 6.24268
13.1208 6.24406
13.1232 6.24268
13.1304 6.24406
13.1352 6.24268
13.1376 6.24406
13.1496 6.24545
13.152 6.24406
13.152 6.24545
13.1712 6.24683
13.1904 6.24822
13.2096 6.2496
13.2264 6.25099
13.236 6.25237
13.236 6.25099
13.2384 6.25237
13.2408 6.25099
13.2408 6.25237
13.2552 6.25375
13.2696 6.25514
13.2864 6.25652
13.2888 6.25514
13.2888 6.25652
13.3104 6.25791
13.3272 6.25929
13.3512 6.26068
13.3704 6.26206
13.3728 6.26068
13.3752 6.26206
13.4088 6.26344
13.4088 6.26206
13.4088 6.26344
13.4232 6.26483
13.44 6.26621
13.4424 6.26483
13.4424 6.26621
13.4592 6.2676
13.4712 6.26898
13.4904 6.27037
13.512 6.27175
13.5312 6.27313
13.5528 6.27452
13.56 6.27313
13.5672 6.27452
13.584 6.2759
13.5864 6.27452
13.5888 6.2759
13.6008 6.27729
13.6056 6.2759
13.6056 6.27729
13.6224 6.27867
13.632 6.28006
13.6344 6.27867
13.6368 6.28006
13.656 6.28144
13.6704 6.28282
13.6728 6.28144
13.6752 6.28282
13.692 6.28421
13.6944 6.28282
13.6944 6.28421
13.7136 6.28559
13.7232 6.28421
13.7352 6.28559
13.7616 6.28698
13.7784 6.28836
13.7904 6.28975
13.8024 6.29113
13.824 6.29251
13.8456 6.2939
13.8648 6.29528
13.8648 6.2939
13.8696 6.29528
13.8696 6.2939
13.872 6.29528
13.8912 6.29667
13.8936 6.29528
13.896 6.29667
13.9272 6.29805
13.944 6.29944
13.9464 6.29805
13.9464 6.29944
13.9488 6.29805
13.9488 6.29944
13.9704 6.30082
13.9872 6.3022
14.004 6.30359
14.028 6.30497
14.0472 6.30636
14.0712 6.30774
14.0952 6.30913
14.1144 6.31051
14.16 6.31189
14.184 6.31328
14.1984 6.31466
14.1984 6.31328
14.2008 6.31466
14.2224 6.31605
14.2392 6.31743
14.2416 6.31605
14.2464 6.31743
14.2584 6.31882
14.28 6.3202
14.2968 6.31882
14.2968 6.3202
14.3232 6.32158
14.3472 6.32297
14.352 6.32158
14.352 6.32297
14.3688 6.32435
14.3952 6.32574
14.4096 6.32712
14.412 6.32574
14.4144 6.32712
14.4144 6.32574
14.4168 6.32712
14.4312 6.3285
14.4552 6.32989
14.4816 6.33127
14.5008 6.33266
14.5224 6.33404
14.5272 6.33266
14.5272 6.33404
14.5344 6.33266
14.5344 6.33404
14.5368 6.33266
14.5368 6.33404
14.5632 6.33543
14.5656 6.33404
14.5656 6.33543
14.5896 6.33681
14.5992 6.33819
14.6208 6.33958
14.6232 6.33819
14.6448 6.33958
14.664 6.34096
14.664 6.33958
14.6664 6.34096
14.6688 6.33958
14.6712 6.34096
14.6832 6.34235
14.7048 6.34373
14.7072 6.34235
14.7192 6.34373
14.7216 6.34235
14.724 6.34373
14.7264 6.34235
14.7264 6.34373
14.7408 6.34512
14.76 6.3465
14.784 6.34788
14.8176 6.34927
14.8176 6.34788
14.82 6.34927
14.8224 6.34788
14.8224 6.34927
14.8248 6.34788
14.8248 6.34927
14.8272 6.34788
14.8272 6.34927
14.832 6.34788
14.832 6.34927
14.8512 6.35065
14.8512 6.34927
14.8536 6.35065
14.8656 6.35204
14.868 6.35065
14.868 6.35204
14.892 6.35342
14.9184 6.35481
14.9208 6.35342
14.9208 6.35481
14.9232 6.35342
14.9256 6.35481
14.9472 6.35619
14.9736 6.35757
14.976 6.35619
14.9784 6.35757
15.0072 6.35896
15.0288 6.36034
15.0312 6.35896
15.0552 6.36034
15.084 6.36173
15.0936 6.36311
15.096 6.36173
15.096 6.36311
15.0984 6.36173
15.0984 6.36311
15.1008 6.36173
15.1008 6.36311
15.1032 6.36173
15.1032 6.36311
15.1272 6.3645
15.1488 6.36588
15.1752 6.36726
15.204 6.36865
15.204 6.36726
15.2088 6.36865
15.2544 6.37003
15.2544 6.36865
15.2568 6.37003
15.288 6.37142
15.3048 6.3728
15.3096 6.37142
15.312 6.3728
15.3336 6.37419
15.3552 6.37557
15.3792 6.37695
15.3816 6.37557
15.3864 6.37695
15.4152 6.37834
15.4488 6.37972
15.4968 6.38111
15.5136 6.38249
15.5184 6.38111
15.5184 6.38249
15.5208 6.38111
15.5208 6.38249
15.5496 6.38388
15.576 6.38526
15.5976 6.38664
15.6384 6.38803
15.6384 6.38664
15.6432 6.38803
15.6744 6.38941
15.6888 6.3908
15.72 6.39218
15.7536 6.39357
15.7848 6.39495
15.7872 6.39357
15.7896 6.39495
15.816 6.39633
15.8664 6.39772
15.8976 6.3991
15.924 6.40049
15.9552 6.40187
15.9576 6.40049
15.96 6.40187
15.9912 6.40326
16.0128 6.40464
16.0128 6.40326
16.0152 6.40464
16.0464 6.40602
16.0464 6.40464
16.0488 6.40602
16.0512 6.40464
16.0512 6.40602
16.0728 6.40741
16.1256 6.40879
16.1256 6.40741
16.1352 6.40879
16.1616 6.41018
16.164 6.40879
16.164 6.41018
16.1688 6.40879
16.1712 6.41018
16.188 6.41156
16.188 6.41018
16.1904 6.41156
16.2192 6.41295
16.2192 6.41156
16.2216 6.41295
16.248 6.41433
16.3056 6.41571
16.3368 6.4171
16.3536 6.41848
16.3824 6.41987
16.3848 6.41848
16.3872 6.41987
16.3896 6.41848
16.392 6.41987
16.44 6.42125
16.4448 6.41987
16.4472 6.42125
16.4784 6.42264
16.4976 6.42402
16.5024 6.42264
16.5072 6.42402
16.56 6.4254
16.5624 6.42402
16.5624 6.4254
16.596 6.42679
16.6104 6.42817
16.6128 6.42679
16.6176 6.42817
16.6488 6.42956
16.692 6.43094
16.6944 6.42956
16.6944 6.43094
16.716 6.42956
16.7184 6.43094
16.7208 6.42956
16.7208 6.43094
16.7232 6.42956
16.7232 6.43094
16.7544 6.43233
16.7952 6.43371
16.824 6.43509
16.8312 6.43371
16.8336 6.43509
16.8672 6.43648
16.8864 6.43786
16.896 6.43648
16.8984 6.43786
16.9344 6.43648
16.9344 6.43786
16.9632 6.43925
17.0016 6.44063
17.0136 6.44202
17.0136 6.44063
17.0208 6.44202
17.0928 6.4434
17.1192 6.44478
17.1408 6.44617
17.1408 6.44478
17.1432 6.44617
17.1864 6.44755
17.2104 6.44617
17.2104 6.44755
17.22 6.44617
17.2248 6.44755
17.2464 6.44894
17.2512 6.44755
17.2512 6.44894
17.256 6.44755
17.256 6.44894
17.2968 6.45032
17.3184 6.45171
17.3208 6.45032
17.3232 6.45171
17.3568 6.45032
17.3568 6.45171
17.4 6.45309
17.436 6.45447
17.4744 6.45586
17.4744 6.45447
17.4744 6.45586
17.4792 6.45447
17.4816 6.45586
17.5128 6.45724
17.5488 6.45863
17.592 6.45724
17.5944 6.45863
17.6328 6.46001
17.6328 6.45863
17.6352 6.46001
17.676 6.4614
17.6784 6.46001
17.6808 6.4614
17.6832 6.46001
17.6856 6.4614
17.688 6.46001
17.6904 6.4614
17.7072 6.46278
17.7096 6.4614
17.7144 6.46278
17.7216 6.4614
17.724 6.46278
17.7576 6.46416
17.7624 6.46278
17.7912 6.46416
17.8296 6.46555
17.8296 6.46416
17.832 6.46555
17.8416 6.46416
17.8416 6.46555
17.8632 6.46693
17.904 6.46832
17.904 6.46693
17.9088 6.46832
17.9496 6.46693
17.9496 6.46832
17.9808 6.4697
17.9856 6.46832
17.988 6.4697
18.0264 6.47109
18.0696 6.47247
18.0744 6.47109
18.0744 6.47247
18.084 6.47109
18.084 6.47247
18.1272 6.47385
18.1776 6.47524
18.18 6.47385
18.1824 6.47524
18.2064 6.47385
18.2064 6.47524
18.2208 6.47385
18.2232 6.47524
18.2232 6.47385
18.2256 6.47524
18.2664 6.47662
18.2688 6.47524
18.2688 6.47662
18.2688 6.47524
18.2736 6.47662
18.324 6.47801
18.3504 6.47939
18.3504 6.47801
18.3552 6.47939
18.3624 6.47801
18.3648 6.47939
18.4416 6.48078
18.444 6.47939
18.4464 6.48078
18.4656 6.48216
18.4704 6.48078
18.4752 6.48216
18.5064 6.48078
18.5088 6.48216
18.516 6.48078
18.5184 6.48216
18.5256 6.48078
18.528 6.48216
18.5664 6.48354
18.5736 6.48216
18.5736 6.48354
18.6144 6.48493
18.6576 6.48631
18.66 6.48493
18.66 6.48631
18.6624 6.48493
18.6648 6.48631
18.7632 6.4877
18.7656 6.48631
18.768 6.4877
18.8208 6.48908
18.828 6.4877
18.8304 6.48908
18.8496 6.49047
18.8496 6.48908
18.852 6.49047
18.9024 6.49185
18.9048 6.49047
18.9096 6.49185
18.9168 6.49047
18.9168 6.49185
18.9264 6.49047
18.96 6.49185
19.0104 6.49323
19.0152 6.49185
19.0176 6.49323
19.02 6.49185
19.02 6.49323
19.0224 6.49185
19.0224 6.49323
19.0248 6.49185
19.0272 6.49323
19.0728 6.49462

